s (1,1) 153
s (2,1) 234
s (3,1) 357
s (4,1) 189
s (5,1) 392
s (6,1) 167
s (7,1) 312
s (8,1) 89
s (9,1) 193
s (10,1) 12
s (11,1) 67
s (12,1) 315
s (13,1) 179
s (14,1) 229
s (15,1) 276
s (16,1) 190
s (17,1) 369
s (18,1) 130
s (19,1) 159
s (20,1) 200
(1,1) (1,2) 341
(2,1) (2,2) 255
(3,1) (3,2) 170
(4,1) (4,2) 269
(5,1) (5,2) 349
(6,1) (6,2) 354
(7,1) (7,2) 331
(8,1) (8,2) 16
(9,1) (9,2) 311
(10,1) (10,2) 110
(11,1) (11,2) 108
(12,1) (12,2) 122
(13,1) (13,2) 341
(14,1) (14,2) 180
(15,1) (15,2) 248
(16,1) (16,2) 387
(17,1) (17,2) 189
(18,1) (18,2) 169
(19,1) (19,2) 325
(20,1) (20,2) 317
(1,2) (1,3) 112
(2,2) (2,3) 338
(3,2) (3,3) 126
(4,2) (4,3) 209
(5,2) (5,3) 261
(6,2) (6,3) 299
(7,2) (7,3) 283
(8,2) (8,3) 81
(9,2) (9,3) 97
(10,2) (10,3) 88
(11,2) (11,3) 47
(12,2) (12,3) 188
(13,2) (13,3) 69
(14,2) (14,3) 387
(15,2) (15,3) 174
(16,2) (16,3) 208
(17,2) (17,3) 179
(18,2) (18,3) 388
(19,2) (19,3) 377
(20,2) (20,3) 121
(1,3) (1,4) 318
(2,3) (2,4) 111
(3,3) (3,4) 8
(4,3) (4,4) 376
(5,3) (5,4) 318
(6,3) (6,4) 342
(7,3) (7,4) 114
(8,3) (8,4) 79
(9,3) (9,4) 189
(10,3) (10,4) 31
(11,3) (11,4) 12
(12,3) (12,4) 328
(13,3) (13,4) 353
(14,3) (14,4) 209
(15,3) (15,4) 380
(16,3) (16,4) 261
(17,3) (17,4) 166
(18,3) (18,4) 40
(19,3) (19,4) 184
(20,3) (20,4) 51
(1,4) (1,5) 119
(2,4) (2,5) 232
(3,4) (3,5) 16
(4,4) (4,5) 216
(5,4) (5,5) 265
(6,4) (6,5) 238
(7,4) (7,5) 389
(8,4) (8,5) 235
(9,4) (9,5) 149
(10,4) (10,5) 1
(11,4) (11,5) 148
(12,4) (12,5) 82
(13,4) (13,5) 303
(14,4) (14,5) 167
(15,4) (15,5) 67
(16,4) (16,5) 262
(17,4) (17,5) 263
(18,4) (18,5) 5
(19,4) (19,5) 263
(20,4) (20,5) 180
(1,5) (1,6) 300
(2,5) (2,6) 207
(3,5) (3,6) 48
(4,5) (4,6) 173
(5,5) (5,6) 136
(6,5) (6,6) 333
(7,5) (7,6) 65
(8,5) (8,6) 92
(9,5) (9,6) 268
(10,5) (10,6) 142
(11,5) (11,6) 368
(12,5) (12,6) 39
(13,5) (13,6) 344
(14,5) (14,6) 182
(15,5) (15,6) 86
(16,5) (16,6) 95
(17,5) (17,6) 7
(18,5) (18,6) 99
(19,5) (19,6) 259
(20,5) (20,6) 210
(1,6) (1,7) 37
(2,6) (2,7) 173
(3,6) (3,7) 113
(4,6) (4,7) 160
(5,6) (5,7) 366
(6,6) (6,7) 76
(7,6) (7,7) 371
(8,6) (8,7) 378
(9,6) (9,7) 85
(10,6) (10,7) 212
(11,6) (11,7) 315
(12,6) (12,7) 118
(13,6) (13,7) 237
(14,6) (14,7) 91
(15,6) (15,7) 357
(16,6) (16,7) 239
(17,6) (17,7) 376
(18,6) (18,7) 123
(19,6) (19,7) 179
(20,6) (20,7) 394
(1,7) (1,8) 393
(2,7) (2,8) 82
(3,7) (3,8) 117
(4,7) (4,8) 3
(5,7) (5,8) 344
(6,7) (6,8) 86
(7,7) (7,8) 340
(8,7) (8,8) 309
(9,7) (9,8) 17
(10,7) (10,8) 343
(11,7) (11,8) 28
(12,7) (12,8) 89
(13,7) (13,8) 249
(14,7) (14,8) 109
(15,7) (15,8) 308
(16,7) (16,8) 310
(17,7) (17,8) 47
(18,7) (18,8) 48
(19,7) (19,8) 139
(20,7) (20,8) 391
(1,8) (1,9) 315
(2,8) (2,9) 55
(3,8) (3,9) 65
(4,8) (4,9) 202
(5,8) (5,9) 182
(6,8) (6,9) 168
(7,8) (7,9) 399
(8,8) (8,9) 84
(9,8) (9,9) 341
(10,8) (10,9) 237
(11,8) (11,9) 276
(12,8) (12,9) 146
(13,8) (13,9) 35
(14,8) (14,9) 152
(15,8) (15,9) 381
(16,8) (16,9) 314
(17,8) (17,9) 249
(18,8) (18,9) 381
(19,8) (19,9) 319
(20,8) (20,9) 272
(1,9) (1,10) 61
(2,9) (2,10) 110
(3,9) (3,10) 68
(4,9) (4,10) 292
(5,9) (5,10) 213
(6,9) (6,10) 388
(7,9) (7,10) 272
(8,9) (8,10) 25
(9,9) (9,10) 390
(10,9) (10,10) 137
(11,9) (11,10) 143
(12,9) (12,10) 65
(13,9) (13,10) 109
(14,9) (14,10) 226
(15,9) (15,10) 78
(16,9) (16,10) 3
(17,9) (17,10) 217
(18,9) (18,10) 169
(19,9) (19,10) 82
(20,9) (20,10) 159
(1,1) (2,1) 36
(2,1) (1,1) 378
(2,1) (3,1) 232
(3,1) (2,1) 88
(3,1) (4,1) 140
(4,1) (3,1) 227
(4,1) (5,1) 346
(5,1) (4,1) 336
(5,1) (6,1) 178
(6,1) (5,1) 158
(6,1) (7,1) 203
(7,1) (6,1) 1
(7,1) (8,1) 365
(8,1) (7,1) 171
(8,1) (9,1) 255
(9,1) (8,1) 199
(9,1) (10,1) 140
(10,1) (9,1) 246
(10,1) (11,1) 170
(11,1) (10,1) 172
(11,1) (12,1) 55
(12,1) (11,1) 136
(12,1) (13,1) 36
(13,1) (12,1) 235
(13,1) (14,1) 368
(14,1) (13,1) 234
(14,1) (15,1) 53
(15,1) (14,1) 102
(15,1) (16,1) 332
(16,1) (15,1) 68
(16,1) (17,1) 179
(17,1) (16,1) 67
(17,1) (18,1) 360
(18,1) (17,1) 83
(18,1) (19,1) 309
(19,1) (18,1) 129
(19,1) (20,1) 249
(20,1) (19,1) 393
(1,2) (2,2) 162
(2,2) (1,2) 185
(2,2) (3,2) 212
(3,2) (2,2) 78
(3,2) (4,2) 331
(4,2) (3,2) 175
(4,2) (5,2) 7
(5,2) (4,2) 228
(5,2) (6,2) 18
(6,2) (5,2) 23
(6,2) (7,2) 306
(7,2) (6,2) 200
(7,2) (8,2) 22
(8,2) (7,2) 100
(8,2) (9,2) 5
(9,2) (8,2) 356
(9,2) (10,2) 28
(10,2) (9,2) 203
(10,2) (11,2) 248
(11,2) (10,2) 386
(11,2) (12,2) 267
(12,2) (11,2) 343
(12,2) (13,2) 273
(13,2) (12,2) 123
(13,2) (14,2) 180
(14,2) (13,2) 374
(14,2) (15,2) 5
(15,2) (14,2) 14
(15,2) (16,2) 220
(16,2) (15,2) 353
(16,2) (17,2) 222
(17,2) (16,2) 300
(17,2) (18,2) 296
(18,2) (17,2) 376
(18,2) (19,2) 133
(19,2) (18,2) 191
(19,2) (20,2) 356
(20,2) (19,2) 12
(1,3) (2,3) 301
(2,3) (1,3) 43
(2,3) (3,3) 304
(3,3) (2,3) 150
(3,3) (4,3) 348
(4,3) (3,3) 93
(4,3) (5,3) 55
(5,3) (4,3) 324
(5,3) (6,3) 374
(6,3) (5,3) 32
(6,3) (7,3) 381
(7,3) (6,3) 212
(7,3) (8,3) 23
(8,3) (7,3) 398
(8,3) (9,3) 36
(9,3) (8,3) 201
(9,3) (10,3) 285
(10,3) (9,3) 355
(10,3) (11,3) 379
(11,3) (10,3) 283
(11,3) (12,3) 272
(12,3) (11,3) 94
(12,3) (13,3) 212
(13,3) (12,3) 251
(13,3) (14,3) 223
(14,3) (13,3) 161
(14,3) (15,3) 352
(15,3) (14,3) 35
(15,3) (16,3) 376
(16,3) (15,3) 215
(16,3) (17,3) 42
(17,3) (16,3) 12
(17,3) (18,3) 132
(18,3) (17,3) 245
(18,3) (19,3) 45
(19,3) (18,3) 281
(19,3) (20,3) 77
(20,3) (19,3) 89
(1,4) (2,4) 322
(2,4) (1,4) 353
(2,4) (3,4) 220
(3,4) (2,4) 367
(3,4) (4,4) 362
(4,4) (3,4) 314
(4,4) (5,4) 195
(5,4) (4,4) 51
(5,4) (6,4) 260
(6,4) (5,4) 161
(6,4) (7,4) 36
(7,4) (6,4) 96
(7,4) (8,4) 59
(8,4) (7,4) 230
(8,4) (9,4) 316
(9,4) (8,4) 135
(9,4) (10,4) 383
(10,4) (9,4) 83
(10,4) (11,4) 384
(11,4) (10,4) 251
(11,4) (12,4) 383
(12,4) (11,4) 237
(12,4) (13,4) 194
(13,4) (12,4) 57
(13,4) (14,4) 288
(14,4) (13,4) 340
(14,4) (15,4) 336
(15,4) (14,4) 70
(15,4) (16,4) 221
(16,4) (15,4) 69
(16,4) (17,4) 57
(17,4) (16,4) 336
(17,4) (18,4) 235
(18,4) (17,4) 334
(18,4) (19,4) 109
(19,4) (18,4) 390
(19,4) (20,4) 38
(20,4) (19,4) 225
(1,5) (2,5) 96
(2,5) (1,5) 371
(2,5) (3,5) 334
(3,5) (2,5) 354
(3,5) (4,5) 122
(4,5) (3,5) 86
(4,5) (5,5) 264
(5,5) (4,5) 235
(5,5) (6,5) 30
(6,5) (5,5) 333
(6,5) (7,5) 338
(7,5) (6,5) 335
(7,5) (8,5) 277
(8,5) (7,5) 144
(8,5) (9,5) 327
(9,5) (8,5) 346
(9,5) (10,5) 70
(10,5) (9,5) 298
(10,5) (11,5) 203
(11,5) (10,5) 119
(11,5) (12,5) 149
(12,5) (11,5) 193
(12,5) (13,5) 180
(13,5) (12,5) 156
(13,5) (14,5) 101
(14,5) (13,5) 391
(14,5) (15,5) 325
(15,5) (14,5) 336
(15,5) (16,5) 379
(16,5) (15,5) 57
(16,5) (17,5) 24
(17,5) (16,5) 141
(17,5) (18,5) 241
(18,5) (17,5) 292
(18,5) (19,5) 86
(19,5) (18,5) 208
(19,5) (20,5) 195
(20,5) (19,5) 360
(1,6) (2,6) 54
(2,6) (1,6) 382
(2,6) (3,6) 105
(3,6) (2,6) 373
(3,6) (4,6) 17
(4,6) (3,6) 352
(4,6) (5,6) 114
(5,6) (4,6) 322
(5,6) (6,6) 78
(6,6) (5,6) 62
(6,6) (7,6) 153
(7,6) (6,6) 220
(7,6) (8,6) 303
(8,6) (7,6) 202
(8,6) (9,6) 231
(9,6) (8,6) 123
(9,6) (10,6) 118
(10,6) (9,6) 323
(10,6) (11,6) 84
(11,6) (10,6) 385
(11,6) (12,6) 69
(12,6) (11,6) 107
(12,6) (13,6) 91
(13,6) (12,6) 331
(13,6) (14,6) 321
(14,6) (13,6) 66
(14,6) (15,6) 394
(15,6) (14,6) 298
(15,6) (16,6) 242
(16,6) (15,6) 17
(16,6) (17,6) 323
(17,6) (16,6) 347
(17,6) (18,6) 314
(18,6) (17,6) 242
(18,6) (19,6) 258
(19,6) (18,6) 322
(19,6) (20,6) 143
(20,6) (19,6) 204
(1,7) (2,7) 122
(2,7) (1,7) 262
(2,7) (3,7) 119
(3,7) (2,7) 45
(3,7) (4,7) 350
(4,7) (3,7) 149
(4,7) (5,7) 351
(5,7) (4,7) 17
(5,7) (6,7) 169
(6,7) (5,7) 392
(6,7) (7,7) 184
(7,7) (6,7) 31
(7,7) (8,7) 171
(8,7) (7,7) 274
(8,7) (9,7) 318
(9,7) (8,7) 354
(9,7) (10,7) 113
(10,7) (9,7) 130
(10,7) (11,7) 230
(11,7) (10,7) 340
(11,7) (12,7) 192
(12,7) (11,7) 119
(12,7) (13,7) 164
(13,7) (12,7) 246
(13,7) (14,7) 397
(14,7) (13,7) 387
(14,7) (15,7) 342
(15,7) (14,7) 381
(15,7) (16,7) 156
(16,7) (15,7) 40
(16,7) (17,7) 241
(17,7) (16,7) 343
(17,7) (18,7) 67
(18,7) (17,7) 400
(18,7) (19,7) 374
(19,7) (18,7) 252
(19,7) (20,7) 377
(20,7) (19,7) 345
(1,8) (2,8) 400
(2,8) (1,8) 335
(2,8) (3,8) 257
(3,8) (2,8) 28
(3,8) (4,8) 236
(4,8) (3,8) 322
(4,8) (5,8) 269
(5,8) (4,8) 334
(5,8) (6,8) 373
(6,8) (5,8) 281
(6,8) (7,8) 273
(7,8) (6,8) 256
(7,8) (8,8) 236
(8,8) (7,8) 295
(8,8) (9,8) 22
(9,8) (8,8) 17
(9,8) (10,8) 113
(10,8) (9,8) 134
(10,8) (11,8) 135
(11,8) (10,8) 260
(11,8) (12,8) 384
(12,8) (11,8) 322
(12,8) (13,8) 155
(13,8) (12,8) 108
(13,8) (14,8) 26
(14,8) (13,8) 340
(14,8) (15,8) 223
(15,8) (14,8) 3
(15,8) (16,8) 239
(16,8) (15,8) 397
(16,8) (17,8) 175
(17,8) (16,8) 138
(17,8) (18,8) 133
(18,8) (17,8) 216
(18,8) (19,8) 193
(19,8) (18,8) 43
(19,8) (20,8) 392
(20,8) (19,8) 210
(1,9) (2,9) 79
(2,9) (1,9) 314
(2,9) (3,9) 398
(3,9) (2,9) 325
(3,9) (4,9) 367
(4,9) (3,9) 186
(4,9) (5,9) 214
(5,9) (4,9) 384
(5,9) (6,9) 192
(6,9) (5,9) 252
(6,9) (7,9) 76
(7,9) (6,9) 274
(7,9) (8,9) 195
(8,9) (7,9) 305
(8,9) (9,9) 395
(9,9) (8,9) 117
(9,9) (10,9) 228
(10,9) (9,9) 129
(10,9) (11,9) 240
(11,9) (10,9) 200
(11,9) (12,9) 195
(12,9) (11,9) 197
(12,9) (13,9) 374
(13,9) (12,9) 37
(13,9) (14,9) 371
(14,9) (13,9) 238
(14,9) (15,9) 388
(15,9) (14,9) 369
(15,9) (16,9) 367
(16,9) (15,9) 72
(16,9) (17,9) 383
(17,9) (16,9) 289
(17,9) (18,9) 84
(18,9) (17,9) 57
(18,9) (19,9) 29
(19,9) (18,9) 234
(19,9) (20,9) 223
(20,9) (19,9) 324
(1,10) (2,10) 279
(2,10) (1,10) 305
(2,10) (3,10) 243
(3,10) (2,10) 202
(3,10) (4,10) 90
(4,10) (3,10) 129
(4,10) (5,10) 215
(5,10) (4,10) 128
(5,10) (6,10) 267
(6,10) (5,10) 42
(6,10) (7,10) 314
(7,10) (6,10) 107
(7,10) (8,10) 196
(8,10) (7,10) 71
(8,10) (9,10) 164
(9,10) (8,10) 40
(9,10) (10,10) 80
(10,10) (9,10) 120
(10,10) (11,10) 378
(11,10) (10,10) 24
(11,10) (12,10) 78
(12,10) (11,10) 94
(12,10) (13,10) 157
(13,10) (12,10) 280
(13,10) (14,10) 21
(14,10) (13,10) 277
(14,10) (15,10) 240
(15,10) (14,10) 79
(15,10) (16,10) 325
(16,10) (15,10) 331
(16,10) (17,10) 228
(17,10) (16,10) 353
(17,10) (18,10) 229
(18,10) (17,10) 111
(18,10) (19,10) 275
(19,10) (18,10) 113
(19,10) (20,10) 319
(20,10) (19,10) 389
(1,10) t 309
(2,10) t 211
(3,10) t 68
(4,10) t 6
(5,10) t 305
(6,10) t 143
(7,10) t 285
(8,10) t 195
(9,10) t 4
(10,10) t 241
(11,10) t 31
(12,10) t 314
(13,10) t 23
(14,10) t 349
(15,10) t 234
(16,10) t 98
(17,10) t 320
(18,10) t 159
(19,10) t 158
(20,10) t 81
