s (1,1) 309
s (2,1) 391
s (3,1) 217
s (4,1) 235
s (5,1) 45
s (6,1) 390
s (7,1) 273
s (8,1) 358
s (9,1) 134
s (10,1) 265
s (11,1) 375
s (12,1) 282
s (13,1) 229
s (14,1) 219
s (15,1) 353
s (16,1) 1
s (17,1) 343
s (18,1) 214
s (19,1) 274
s (20,1) 245
s (21,1) 218
s (22,1) 9
s (23,1) 3
s (24,1) 327
s (25,1) 217
s (26,1) 196
s (27,1) 272
s (28,1) 296
s (29,1) 351
s (30,1) 259
s (31,1) 265
s (32,1) 262
s (33,1) 93
s (34,1) 117
s (35,1) 136
s (36,1) 295
s (37,1) 198
s (38,1) 344
s (39,1) 322
s (40,1) 219
(1,1) (1,2) 391
(2,1) (2,2) 258
(3,1) (3,2) 118
(4,1) (4,2) 369
(5,1) (5,2) 36
(6,1) (6,2) 110
(7,1) (7,2) 179
(8,1) (8,2) 41
(9,1) (9,2) 62
(10,1) (10,2) 258
(11,1) (11,2) 119
(12,1) (12,2) 145
(13,1) (13,2) 321
(14,1) (14,2) 297
(15,1) (15,2) 369
(16,1) (16,2) 126
(17,1) (17,2) 249
(18,1) (18,2) 146
(19,1) (19,2) 312
(20,1) (20,2) 41
(21,1) (21,2) 180
(22,1) (22,2) 19
(23,1) (23,2) 389
(24,1) (24,2) 179
(25,1) (25,2) 146
(26,1) (26,2) 267
(27,1) (27,2) 330
(28,1) (28,2) 390
(29,1) (29,2) 170
(30,1) (30,2) 211
(31,1) (31,2) 86
(32,1) (32,2) 298
(33,1) (33,2) 359
(34,1) (34,2) 192
(35,1) (35,2) 17
(36,1) (36,2) 17
(37,1) (37,2) 31
(38,1) (38,2) 201
(39,1) (39,2) 66
(40,1) (40,2) 208
(1,2) (1,3) 371
(2,2) (2,3) 95
(3,2) (3,3) 112
(4,2) (4,3) 138
(5,2) (5,3) 338
(6,2) (6,3) 317
(7,2) (7,3) 228
(8,2) (8,3) 346
(9,2) (9,3) 89
(10,2) (10,3) 29
(11,2) (11,3) 174
(12,2) (12,3) 13
(13,2) (13,3) 293
(14,2) (14,3) 213
(15,2) (15,3) 175
(16,2) (16,3) 41
(17,2) (17,3) 249
(18,2) (18,3) 12
(19,2) (19,3) 339
(20,2) (20,3) 78
(21,2) (21,3) 27
(22,2) (22,3) 189
(23,2) (23,3) 225
(24,2) (24,3) 360
(25,2) (25,3) 104
(26,2) (26,3) 231
(27,2) (27,3) 43
(28,2) (28,3) 46
(29,2) (29,3) 88
(30,2) (30,3) 14
(31,2) (31,3) 176
(32,2) (32,3) 26
(33,2) (33,3) 12
(34,2) (34,3) 386
(35,2) (35,3) 257
(36,2) (36,3) 21
(37,2) (37,3) 212
(38,2) (38,3) 217
(39,2) (39,3) 97
(40,2) (40,3) 110
(1,3) (1,4) 221
(2,3) (2,4) 252
(3,3) (3,4) 293
(4,3) (4,4) 359
(5,3) (5,4) 104
(6,3) (6,4) 203
(7,3) (7,4) 282
(8,3) (8,4) 125
(9,3) (9,4) 357
(10,3) (10,4) 254
(11,3) (11,4) 6
(12,3) (12,4) 146
(13,3) (13,4) 142
(14,3) (14,4) 105
(15,3) (15,4) 135
(16,3) (16,4) 280
(17,3) (17,4) 272
(18,3) (18,4) 90
(19,3) (19,4) 56
(20,3) (20,4) 219
(21,3) (21,4) 84
(22,3) (22,4) 258
(23,3) (23,4) 130
(24,3) (24,4) 140
(25,3) (25,4) 365
(26,3) (26,4) 238
(27,3) (27,4) 367
(28,3) (28,4) 182
(29,3) (29,4) 57
(30,3) (30,4) 306
(31,3) (31,4) 154
(32,3) (32,4) 191
(33,3) (33,4) 218
(34,3) (34,4) 145
(35,3) (35,4) 306
(36,3) (36,4) 237
(37,3) (37,4) 383
(38,3) (38,4) 331
(39,3) (39,4) 236
(40,3) (40,4) 2
(1,4) (1,5) 395
(2,4) (2,5) 242
(3,4) (3,5) 296
(4,4) (4,5) 261
(5,4) (5,5) 7
(6,4) (6,5) 171
(7,4) (7,5) 284
(8,4) (8,5) 366
(9,4) (9,5) 147
(10,4) (10,5) 302
(11,4) (11,5) 221
(12,4) (12,5) 110
(13,4) (13,5) 55
(14,4) (14,5) 234
(15,4) (15,5) 205
(16,4) (16,5) 281
(17,4) (17,5) 24
(18,4) (18,5) 57
(19,4) (19,5) 270
(20,4) (20,5) 17
(21,4) (21,5) 71
(22,4) (22,5) 58
(23,4) (23,5) 292
(24,4) (24,5) 128
(25,4) (25,5) 19
(26,4) (26,5) 1
(27,4) (27,5) 8
(28,4) (28,5) 178
(29,4) (29,5) 286
(30,4) (30,5) 359
(31,4) (31,5) 392
(32,4) (32,5) 140
(33,4) (33,5) 381
(34,4) (34,5) 15
(35,4) (35,5) 76
(36,4) (36,5) 13
(37,4) (37,5) 393
(38,4) (38,5) 247
(39,4) (39,5) 324
(40,4) (40,5) 191
(1,5) (1,6) 259
(2,5) (2,6) 183
(3,5) (3,6) 30
(4,5) (4,6) 298
(5,5) (5,6) 133
(6,5) (6,6) 217
(7,5) (7,6) 67
(8,5) (8,6) 262
(9,5) (9,6) 163
(10,5) (10,6) 20
(11,5) (11,6) 49
(12,5) (12,6) 202
(13,5) (13,6) 383
(14,5) (14,6) 247
(15,5) (15,6) 243
(16,5) (16,6) 294
(17,5) (17,6) 300
(18,5) (18,6) 127
(19,5) (19,6) 60
(20,5) (20,6) 377
(21,5) (21,6) 203
(22,5) (22,6) 213
(23,5) (23,6) 98
(24,5) (24,6) 160
(25,5) (25,6) 337
(26,5) (26,6) 167
(27,5) (27,6) 55
(28,5) (28,6) 188
(29,5) (29,6) 122
(30,5) (30,6) 193
(31,5) (31,6) 308
(32,5) (32,6) 126
(33,5) (33,6) 358
(34,5) (34,6) 360
(35,5) (35,6) 382
(36,5) (36,6) 242
(37,5) (37,6) 177
(38,5) (38,6) 179
(39,5) (39,6) 330
(40,5) (40,6) 149
(1,6) (1,7) 385
(2,6) (2,7) 118
(3,6) (3,7) 124
(4,6) (4,7) 37
(5,6) (5,7) 120
(6,6) (6,7) 12
(7,6) (7,7) 299
(8,6) (8,7) 356
(9,6) (9,7) 234
(10,6) (10,7) 176
(11,6) (11,7) 273
(12,6) (12,7) 199
(13,6) (13,7) 72
(14,6) (14,7) 312
(15,6) (15,7) 142
(16,6) (16,7) 145
(17,6) (17,7) 234
(18,6) (18,7) 351
(19,6) (19,7) 12
(20,6) (20,7) 151
(21,6) (21,7) 236
(22,6) (22,7) 318
(23,6) (23,7) 190
(24,6) (24,7) 352
(25,6) (25,7) 175
(26,6) (26,7) 182
(27,6) (27,7) 241
(28,6) (28,7) 91
(29,6) (29,7) 176
(30,6) (30,7) 172
(31,6) (31,7) 180
(32,6) (32,7) 205
(33,6) (33,7) 54
(34,6) (34,7) 161
(35,6) (35,7) 100
(36,6) (36,7) 229
(37,6) (37,7) 53
(38,6) (38,7) 109
(39,6) (39,7) 352
(40,6) (40,7) 334
(1,7) (1,8) 127
(2,7) (2,8) 248
(3,7) (3,8) 332
(4,7) (4,8) 49
(5,7) (5,8) 26
(6,7) (6,8) 36
(7,7) (7,8) 241
(8,7) (8,8) 196
(9,7) (9,8) 61
(10,7) (10,8) 170
(11,7) (11,8) 368
(12,7) (12,8) 322
(13,7) (13,8) 164
(14,7) (14,8) 176
(15,7) (15,8) 343
(16,7) (16,8) 168
(17,7) (17,8) 3
(18,7) (18,8) 356
(19,7) (19,8) 125
(20,7) (20,8) 186
(21,7) (21,8) 86
(22,7) (22,8) 152
(23,7) (23,8) 247
(24,7) (24,8) 96
(25,7) (25,8) 119
(26,7) (26,8) 250
(27,7) (27,8) 45
(28,7) (28,8) 96
(29,7) (29,8) 25
(30,7) (30,8) 46
(31,7) (31,8) 182
(32,7) (32,8) 265
(33,7) (33,8) 129
(34,7) (34,8) 314
(35,7) (35,8) 400
(36,7) (36,8) 233
(37,7) (37,8) 133
(38,7) (38,8) 94
(39,7) (39,8) 157
(40,7) (40,8) 316
(1,8) (1,9) 13
(2,8) (2,9) 270
(3,8) (3,9) 295
(4,8) (4,9) 33
(5,8) (5,9) 181
(6,8) (6,9) 317
(7,8) (7,9) 195
(8,8) (8,9) 10
(9,8) (9,9) 356
(10,8) (10,9) 183
(11,8) (11,9) 51
(12,8) (12,9) 337
(13,8) (13,9) 151
(14,8) (14,9) 220
(15,8) (15,9) 134
(16,8) (16,9) 210
(17,8) (17,9) 199
(18,8) (18,9) 84
(19,8) (19,9) 154
(20,8) (20,9) 265
(21,8) (21,9) 377
(22,8) (22,9) 259
(23,8) (23,9) 210
(24,8) (24,9) 344
(25,8) (25,9) 388
(26,8) (26,9) 331
(27,8) (27,9) 274
(28,8) (28,9) 20
(29,8) (29,9) 141
(30,8) (30,9) 264
(31,8) (31,9) 231
(32,8) (32,9) 61
(33,8) (33,9) 190
(34,8) (34,9) 12
(35,8) (35,9) 324
(36,8) (36,9) 56
(37,8) (37,9) 37
(38,8) (38,9) 216
(39,8) (39,9) 182
(40,8) (40,9) 43
(1,9) (1,10) 24
(2,9) (2,10) 179
(3,9) (3,10) 217
(4,9) (4,10) 229
(5,9) (5,10) 295
(6,9) (6,10) 298
(7,9) (7,10) 180
(8,9) (8,10) 151
(9,9) (9,10) 42
(10,9) (10,10) 356
(11,9) (11,10) 400
(12,9) (12,10) 339
(13,9) (13,10) 57
(14,9) (14,10) 257
(15,9) (15,10) 150
(16,9) (16,10) 47
(17,9) (17,10) 346
(18,9) (18,10) 159
(19,9) (19,10) 310
(20,9) (20,10) 38
(21,9) (21,10) 149
(22,9) (22,10) 296
(23,9) (23,10) 19
(24,9) (24,10) 236
(25,9) (25,10) 52
(26,9) (26,10) 219
(27,9) (27,10) 43
(28,9) (28,10) 91
(29,9) (29,10) 374
(30,9) (30,10) 213
(31,9) (31,10) 37
(32,9) (32,10) 239
(33,9) (33,10) 179
(34,9) (34,10) 220
(35,9) (35,10) 19
(36,9) (36,10) 42
(37,9) (37,10) 9
(38,9) (38,10) 184
(39,9) (39,10) 7
(40,9) (40,10) 36
(1,1) (2,1) 180
(2,1) (1,1) 350
(2,1) (3,1) 242
(3,1) (2,1) 67
(3,1) (4,1) 157
(4,1) (3,1) 363
(4,1) (5,1) 343
(5,1) (4,1) 67
(5,1) (6,1) 233
(6,1) (5,1) 217
(6,1) (7,1) 335
(7,1) (6,1) 195
(7,1) (8,1) 242
(8,1) (7,1) 81
(8,1) (9,1) 5
(9,1) (8,1) 60
(9,1) (10,1) 147
(10,1) (9,1) 253
(10,1) (11,1) 337
(11,1) (10,1) 190
(11,1) (12,1) 381
(12,1) (11,1) 248
(12,1) (13,1) 274
(13,1) (12,1) 248
(13,1) (14,1) 23
(14,1) (13,1) 245
(14,1) (15,1) 148
(15,1) (14,1) 116
(15,1) (16,1) 370
(16,1) (15,1) 73
(16,1) (17,1) 82
(17,1) (16,1) 237
(17,1) (18,1) 394
(18,1) (17,1) 22
(18,1) (19,1) 37
(19,1) (18,1) 77
(19,1) (20,1) 360
(20,1) (19,1) 180
(20,1) (21,1) 106
(21,1) (20,1) 376
(21,1) (22,1) 180
(22,1) (21,1) 254
(22,1) (23,1) 65
(23,1) (22,1) 159
(23,1) (24,1) 104
(24,1) (23,1) 327
(24,1) (25,1) 65
(25,1) (24,1) 305
(25,1) (26,1) 112
(26,1) (25,1) 135
(26,1) (27,1) 218
(27,1) (26,1) 277
(27,1) (28,1) 382
(28,1) (27,1) 38
(28,1) (29,1) 371
(29,1) (28,1) 300
(29,1) (30,1) 378
(30,1) (29,1) 179
(30,1) (31,1) 321
(31,1) (30,1) 118
(31,1) (32,1) 22
(32,1) (31,1) 369
(32,1) (33,1) 57
(33,1) (32,1) 340
(33,1) (34,1) 143
(34,1) (33,1) 335
(34,1) (35,1) 220
(35,1) (34,1) 294
(35,1) (36,1) 399
(36,1) (35,1) 306
(36,1) (37,1) 289
(37,1) (36,1) 352
(37,1) (38,1) 160
(38,1) (37,1) 258
(38,1) (39,1) 33
(39,1) (38,1) 61
(39,1) (40,1) 27
(40,1) (39,1) 318
(1,2) (2,2) 108
(2,2) (1,2) 384
(2,2) (3,2) 95
(3,2) (2,2) 76
(3,2) (4,2) 105
(4,2) (3,2) 211
(4,2) (5,2) 285
(5,2) (4,2) 97
(5,2) (6,2) 250
(6,2) (5,2) 383
(6,2) (7,2) 79
(7,2) (6,2) 297
(7,2) (8,2) 333
(8,2) (7,2) 166
(8,2) (9,2) 361
(9,2) (8,2) 20
(9,2) (10,2) 399
(10,2) (9,2) 384
(10,2) (11,2) 55
(11,2) (10,2) 382
(11,2) (12,2) 108
(12,2) (11,2) 400
(12,2) (13,2) 326
(13,2) (12,2) 360
(13,2) (14,2) 146
(14,2) (13,2) 354
(14,2) (15,2) 368
(15,2) (14,2) 120
(15,2) (16,2) 371
(16,2) (15,2) 99
(16,2) (17,2) 335
(17,2) (16,2) 170
(17,2) (18,2) 72
(18,2) (17,2) 349
(18,2) (19,2) 2
(19,2) (18,2) 257
(19,2) (20,2) 178
(20,2) (19,2) 366
(20,2) (21,2) 365
(21,2) (20,2) 159
(21,2) (22,2) 44
(22,2) (21,2) 276
(22,2) (23,2) 58
(23,2) (22,2) 284
(23,2) (24,2) 221
(24,2) (23,2) 39
(24,2) (25,2) 382
(25,2) (24,2) 118
(25,2) (26,2) 234
(26,2) (25,2) 50
(26,2) (27,2) 327
(27,2) (26,2) 342
(27,2) (28,2) 152
(28,2) (27,2) 16
(28,2) (29,2) 353
(29,2) (28,2) 267
(29,2) (30,2) 303
(30,2) (29,2) 335
(30,2) (31,2) 152
(31,2) (30,2) 245
(31,2) (32,2) 218
(32,2) (31,2) 116
(32,2) (33,2) 359
(33,2) (32,2) 64
(33,2) (34,2) 90
(34,2) (33,2) 171
(34,2) (35,2) 271
(35,2) (34,2) 378
(35,2) (36,2) 10
(36,2) (35,2) 104
(36,2) (37,2) 227
(37,2) (36,2) 51
(37,2) (38,2) 222
(38,2) (37,2) 95
(38,2) (39,2) 160
(39,2) (38,2) 64
(39,2) (40,2) 213
(40,2) (39,2) 204
(1,3) (2,3) 186
(2,3) (1,3) 108
(2,3) (3,3) 61
(3,3) (2,3) 336
(3,3) (4,3) 66
(4,3) (3,3) 204
(4,3) (5,3) 5
(5,3) (4,3) 377
(5,3) (6,3) 340
(6,3) (5,3) 397
(6,3) (7,3) 189
(7,3) (6,3) 205
(7,3) (8,3) 28
(8,3) (7,3) 365
(8,3) (9,3) 26
(9,3) (8,3) 227
(9,3) (10,3) 8
(10,3) (9,3) 82
(10,3) (11,3) 71
(11,3) (10,3) 110
(11,3) (12,3) 393
(12,3) (11,3) 394
(12,3) (13,3) 197
(13,3) (12,3) 54
(13,3) (14,3) 275
(14,3) (13,3) 49
(14,3) (15,3) 242
(15,3) (14,3) 53
(15,3) (16,3) 324
(16,3) (15,3) 89
(16,3) (17,3) 248
(17,3) (16,3) 91
(17,3) (18,3) 177
(18,3) (17,3) 185
(18,3) (19,3) 124
(19,3) (18,3) 174
(19,3) (20,3) 76
(20,3) (19,3) 308
(20,3) (21,3) 119
(21,3) (20,3) 225
(21,3) (22,3) 114
(22,3) (21,3) 324
(22,3) (23,3) 81
(23,3) (22,3) 400
(23,3) (24,3) 337
(24,3) (23,3) 243
(24,3) (25,3) 233
(25,3) (24,3) 37
(25,3) (26,3) 390
(26,3) (25,3) 374
(26,3) (27,3) 81
(27,3) (26,3) 202
(27,3) (28,3) 100
(28,3) (27,3) 279
(28,3) (29,3) 166
(29,3) (28,3) 140
(29,3) (30,3) 385
(30,3) (29,3) 141
(30,3) (31,3) 78
(31,3) (30,3) 217
(31,3) (32,3) 266
(32,3) (31,3) 90
(32,3) (33,3) 122
(33,3) (32,3) 6
(33,3) (34,3) 183
(34,3) (33,3) 96
(34,3) (35,3) 363
(35,3) (34,3) 239
(35,3) (36,3) 265
(36,3) (35,3) 289
(36,3) (37,3) 129
(37,3) (36,3) 43
(37,3) (38,3) 32
(38,3) (37,3) 83
(38,3) (39,3) 398
(39,3) (38,3) 90
(39,3) (40,3) 185
(40,3) (39,3) 92
(1,4) (2,4) 344
(2,4) (1,4) 31
(2,4) (3,4) 149
(3,4) (2,4) 175
(3,4) (4,4) 366
(4,4) (3,4) 36
(4,4) (5,4) 373
(5,4) (4,4) 18
(5,4) (6,4) 354
(6,4) (5,4) 335
(6,4) (7,4) 368
(7,4) (6,4) 27
(7,4) (8,4) 100
(8,4) (7,4) 335
(8,4) (9,4) 7
(9,4) (8,4) 183
(9,4) (10,4) 352
(10,4) (9,4) 162
(10,4) (11,4) 224
(11,4) (10,4) 263
(11,4) (12,4) 46
(12,4) (11,4) 151
(12,4) (13,4) 350
(13,4) (12,4) 376
(13,4) (14,4) 215
(14,4) (13,4) 330
(14,4) (15,4) 130
(15,4) (14,4) 237
(15,4) (16,4) 103
(16,4) (15,4) 242
(16,4) (17,4) 251
(17,4) (16,4) 379
(17,4) (18,4) 382
(18,4) (17,4) 275
(18,4) (19,4) 248
(19,4) (18,4) 145
(19,4) (20,4) 304
(20,4) (19,4) 96
(20,4) (21,4) 14
(21,4) (20,4) 386
(21,4) (22,4) 92
(22,4) (21,4) 177
(22,4) (23,4) 246
(23,4) (22,4) 240
(23,4) (24,4) 202
(24,4) (23,4) 284
(24,4) (25,4) 13
(25,4) (24,4) 262
(25,4) (26,4) 317
(26,4) (25,4) 99
(26,4) (27,4) 287
(27,4) (26,4) 82
(27,4) (28,4) 25
(28,4) (27,4) 170
(28,4) (29,4) 382
(29,4) (28,4) 317
(29,4) (30,4) 142
(30,4) (29,4) 36
(30,4) (31,4) 300
(31,4) (30,4) 216
(31,4) (32,4) 178
(32,4) (31,4) 73
(32,4) (33,4) 88
(33,4) (32,4) 38
(33,4) (34,4) 284
(34,4) (33,4) 38
(34,4) (35,4) 180
(35,4) (34,4) 272
(35,4) (36,4) 12
(36,4) (35,4) 97
(36,4) (37,4) 69
(37,4) (36,4) 153
(37,4) (38,4) 121
(38,4) (37,4) 215
(38,4) (39,4) 165
(39,4) (38,4) 366
(39,4) (40,4) 275
(40,4) (39,4) 195
(1,5) (2,5) 387
(2,5) (1,5) 9
(2,5) (3,5) 167
(3,5) (2,5) 317
(3,5) (4,5) 265
(4,5) (3,5) 195
(4,5) (5,5) 112
(5,5) (4,5) 381
(5,5) (6,5) 61
(6,5) (5,5) 99
(6,5) (7,5) 234
(7,5) (6,5) 43
(7,5) (8,5) 273
(8,5) (7,5) 392
(8,5) (9,5) 177
(9,5) (8,5) 5
(9,5) (10,5) 70
(10,5) (9,5) 318
(10,5) (11,5) 329
(11,5) (10,5) 108
(11,5) (12,5) 141
(12,5) (11,5) 49
(12,5) (13,5) 375
(13,5) (12,5) 235
(13,5) (14,5) 382
(14,5) (13,5) 171
(14,5) (15,5) 268
(15,5) (14,5) 20
(15,5) (16,5) 273
(16,5) (15,5) 315
(16,5) (17,5) 306
(17,5) (16,5) 89
(17,5) (18,5) 58
(18,5) (17,5) 21
(18,5) (19,5) 271
(19,5) (18,5) 340
(19,5) (20,5) 290
(20,5) (19,5) 47
(20,5) (21,5) 103
(21,5) (20,5) 308
(21,5) (22,5) 352
(22,5) (21,5) 175
(22,5) (23,5) 14
(23,5) (22,5) 388
(23,5) (24,5) 326
(24,5) (23,5) 383
(24,5) (25,5) 282
(25,5) (24,5) 74
(25,5) (26,5) 40
(26,5) (25,5) 154
(26,5) (27,5) 150
(27,5) (26,5) 201
(27,5) (28,5) 183
(28,5) (27,5) 86
(28,5) (29,5) 372
(29,5) (28,5) 387
(29,5) (30,5) 156
(30,5) (29,5) 142
(30,5) (31,5) 282
(31,5) (30,5) 318
(31,5) (32,5) 288
(32,5) (31,5) 346
(32,5) (33,5) 221
(33,5) (32,5) 161
(33,5) (34,5) 136
(34,5) (33,5) 93
(34,5) (35,5) 219
(35,5) (34,5) 156
(35,5) (36,5) 382
(36,5) (35,5) 219
(36,5) (37,5) 50
(37,5) (36,5) 354
(37,5) (38,5) 154
(38,5) (37,5) 373
(38,5) (39,5) 350
(39,5) (38,5) 148
(39,5) (40,5) 79
(40,5) (39,5) 355
(1,6) (2,6) 208
(2,6) (1,6) 218
(2,6) (3,6) 258
(3,6) (2,6) 12
(3,6) (4,6) 42
(4,6) (3,6) 400
(4,6) (5,6) 166
(5,6) (4,6) 389
(5,6) (6,6) 246
(6,6) (5,6) 316
(6,6) (7,6) 355
(7,6) (6,6) 164
(7,6) (8,6) 6
(8,6) (7,6) 88
(8,6) (9,6) 212
(9,6) (8,6) 63
(9,6) (10,6) 359
(10,6) (9,6) 240
(10,6) (11,6) 399
(11,6) (10,6) 166
(11,6) (12,6) 367
(12,6) (11,6) 185
(12,6) (13,6) 48
(13,6) (12,6) 138
(13,6) (14,6) 133
(14,6) (13,6) 235
(14,6) (15,6) 383
(15,6) (14,6) 40
(15,6) (16,6) 255
(16,6) (15,6) 109
(16,6) (17,6) 384
(17,6) (16,6) 134
(17,6) (18,6) 230
(18,6) (17,6) 44
(18,6) (19,6) 57
(19,6) (18,6) 361
(19,6) (20,6) 343
(20,6) (19,6) 247
(20,6) (21,6) 61
(21,6) (20,6) 145
(21,6) (22,6) 259
(22,6) (21,6) 122
(22,6) (23,6) 23
(23,6) (22,6) 65
(23,6) (24,6) 197
(24,6) (23,6) 181
(24,6) (25,6) 211
(25,6) (24,6) 142
(25,6) (26,6) 51
(26,6) (25,6) 201
(26,6) (27,6) 214
(27,6) (26,6) 340
(27,6) (28,6) 30
(28,6) (27,6) 318
(28,6) (29,6) 253
(29,6) (28,6) 304
(29,6) (30,6) 292
(30,6) (29,6) 4
(30,6) (31,6) 67
(31,6) (30,6) 109
(31,6) (32,6) 277
(32,6) (31,6) 148
(32,6) (33,6) 45
(33,6) (32,6) 286
(33,6) (34,6) 114
(34,6) (33,6) 305
(34,6) (35,6) 111
(35,6) (34,6) 5
(35,6) (36,6) 209
(36,6) (35,6) 193
(36,6) (37,6) 81
(37,6) (36,6) 366
(37,6) (38,6) 29
(38,6) (37,6) 18
(38,6) (39,6) 268
(39,6) (38,6) 59
(39,6) (40,6) 75
(40,6) (39,6) 267
(1,7) (2,7) 175
(2,7) (1,7) 268
(2,7) (3,7) 151
(3,7) (2,7) 80
(3,7) (4,7) 30
(4,7) (3,7) 282
(4,7) (5,7) 333
(5,7) (4,7) 241
(5,7) (6,7) 170
(6,7) (5,7) 369
(6,7) (7,7) 307
(7,7) (6,7) 272
(7,7) (8,7) 347
(8,7) (7,7) 120
(8,7) (9,7) 323
(9,7) (8,7) 93
(9,7) (10,7) 185
(10,7) (9,7) 190
(10,7) (11,7) 343
(11,7) (10,7) 255
(11,7) (12,7) 74
(12,7) (11,7) 115
(12,7) (13,7) 381
(13,7) (12,7) 33
(13,7) (14,7) 326
(14,7) (13,7) 80
(14,7) (15,7) 170
(15,7) (14,7) 279
(15,7) (16,7) 119
(16,7) (15,7) 84
(16,7) (17,7) 235
(17,7) (16,7) 284
(17,7) (18,7) 204
(18,7) (17,7) 155
(18,7) (19,7) 390
(19,7) (18,7) 26
(19,7) (20,7) 93
(20,7) (19,7) 333
(20,7) (21,7) 351
(21,7) (20,7) 116
(21,7) (22,7) 360
(22,7) (21,7) 369
(22,7) (23,7) 374
(23,7) (22,7) 211
(23,7) (24,7) 394
(24,7) (23,7) 364
(24,7) (25,7) 62
(25,7) (24,7) 27
(25,7) (26,7) 137
(26,7) (25,7) 378
(26,7) (27,7) 73
(27,7) (26,7) 346
(27,7) (28,7) 334
(28,7) (27,7) 312
(28,7) (29,7) 15
(29,7) (28,7) 333
(29,7) (30,7) 400
(30,7) (29,7) 139
(30,7) (31,7) 61
(31,7) (30,7) 382
(31,7) (32,7) 267
(32,7) (31,7) 224
(32,7) (33,7) 233
(33,7) (32,7) 381
(33,7) (34,7) 16
(34,7) (33,7) 225
(34,7) (35,7) 356
(35,7) (34,7) 170
(35,7) (36,7) 262
(36,7) (35,7) 177
(36,7) (37,7) 249
(37,7) (36,7) 269
(37,7) (38,7) 398
(38,7) (37,7) 196
(38,7) (39,7) 290
(39,7) (38,7) 114
(39,7) (40,7) 68
(40,7) (39,7) 158
(1,8) (2,8) 345
(2,8) (1,8) 20
(2,8) (3,8) 241
(3,8) (2,8) 295
(3,8) (4,8) 28
(4,8) (3,8) 149
(4,8) (5,8) 222
(5,8) (4,8) 87
(5,8) (6,8) 234
(6,8) (5,8) 375
(6,8) (7,8) 339
(7,8) (6,8) 244
(7,8) (8,8) 362
(8,8) (7,8) 154
(8,8) (9,8) 109
(9,8) (8,8) 372
(9,8) (10,8) 26
(10,8) (9,8) 307
(10,8) (11,8) 221
(11,8) (10,8) 321
(11,8) (12,8) 341
(12,8) (11,8) 357
(12,8) (13,8) 173
(13,8) (12,8) 313
(13,8) (14,8) 78
(14,8) (13,8) 318
(14,8) (15,8) 110
(15,8) (14,8) 143
(15,8) (16,8) 137
(16,8) (15,8) 128
(16,8) (17,8) 318
(17,8) (16,8) 18
(17,8) (18,8) 25
(18,8) (17,8) 75
(18,8) (19,8) 213
(19,8) (18,8) 39
(19,8) (20,8) 68
(20,8) (19,8) 164
(20,8) (21,8) 14
(21,8) (20,8) 389
(21,8) (22,8) 226
(22,8) (21,8) 228
(22,8) (23,8) 130
(23,8) (22,8) 29
(23,8) (24,8) 4
(24,8) (23,8) 32
(24,8) (25,8) 335
(25,8) (24,8) 292
(25,8) (26,8) 194
(26,8) (25,8) 384
(26,8) (27,8) 200
(27,8) (26,8) 175
(27,8) (28,8) 157
(28,8) (27,8) 333
(28,8) (29,8) 311
(29,8) (28,8) 74
(29,8) (30,8) 259
(30,8) (29,8) 156
(30,8) (31,8) 14
(31,8) (30,8) 37
(31,8) (32,8) 224
(32,8) (31,8) 146
(32,8) (33,8) 298
(33,8) (32,8) 363
(33,8) (34,8) 241
(34,8) (33,8) 99
(34,8) (35,8) 56
(35,8) (34,8) 48
(35,8) (36,8) 196
(36,8) (35,8) 140
(36,8) (37,8) 162
(37,8) (36,8) 198
(37,8) (38,8) 364
(38,8) (37,8) 168
(38,8) (39,8) 66
(39,8) (38,8) 172
(39,8) (40,8) 97
(40,8) (39,8) 322
(1,9) (2,9) 167
(2,9) (1,9) 148
(2,9) (3,9) 116
(3,9) (2,9) 249
(3,9) (4,9) 117
(4,9) (3,9) 367
(4,9) (5,9) 176
(5,9) (4,9) 201
(5,9) (6,9) 231
(6,9) (5,9) 152
(6,9) (7,9) 75
(7,9) (6,9) 43
(7,9) (8,9) 15
(8,9) (7,9) 74
(8,9) (9,9) 364
(9,9) (8,9) 123
(9,9) (10,9) 94
(10,9) (9,9) 286
(10,9) (11,9) 342
(11,9) (10,9) 354
(11,9) (12,9) 64
(12,9) (11,9) 4
(12,9) (13,9) 50
(13,9) (12,9) 368
(13,9) (14,9) 270
(14,9) (13,9) 254
(14,9) (15,9) 140
(15,9) (14,9) 167
(15,9) (16,9) 247
(16,9) (15,9) 260
(16,9) (17,9) 292
(17,9) (16,9) 199
(17,9) (18,9) 40
(18,9) (17,9) 87
(18,9) (19,9) 229
(19,9) (18,9) 305
(19,9) (20,9) 296
(20,9) (19,9) 294
(20,9) (21,9) 386
(21,9) (20,9) 123
(21,9) (22,9) 337
(22,9) (21,9) 38
(22,9) (23,9) 155
(23,9) (22,9) 239
(23,9) (24,9) 8
(24,9) (23,9) 114
(24,9) (25,9) 223
(25,9) (24,9) 48
(25,9) (26,9) 14
(26,9) (25,9) 383
(26,9) (27,9) 28
(27,9) (26,9) 90
(27,9) (28,9) 207
(28,9) (27,9) 137
(28,9) (29,9) 321
(29,9) (28,9) 52
(29,9) (30,9) 279
(30,9) (29,9) 176
(30,9) (31,9) 341
(31,9) (30,9) 197
(31,9) (32,9) 292
(32,9) (31,9) 121
(32,9) (33,9) 257
(33,9) (32,9) 384
(33,9) (34,9) 231
(34,9) (33,9) 178
(34,9) (35,9) 136
(35,9) (34,9) 158
(35,9) (36,9) 196
(36,9) (35,9) 150
(36,9) (37,9) 279
(37,9) (36,9) 343
(37,9) (38,9) 265
(38,9) (37,9) 41
(38,9) (39,9) 262
(39,9) (38,9) 188
(39,9) (40,9) 348
(40,9) (39,9) 337
(1,10) (2,10) 158
(2,10) (1,10) 308
(2,10) (3,10) 364
(3,10) (2,10) 321
(3,10) (4,10) 389
(4,10) (3,10) 112
(4,10) (5,10) 105
(5,10) (4,10) 51
(5,10) (6,10) 165
(6,10) (5,10) 253
(6,10) (7,10) 256
(7,10) (6,10) 208
(7,10) (8,10) 60
(8,10) (7,10) 246
(8,10) (9,10) 63
(9,10) (8,10) 175
(9,10) (10,10) 188
(10,10) (9,10) 164
(10,10) (11,10) 87
(11,10) (10,10) 345
(11,10) (12,10) 49
(12,10) (11,10) 259
(12,10) (13,10) 79
(13,10) (12,10) 53
(13,10) (14,10) 387
(14,10) (13,10) 177
(14,10) (15,10) 308
(15,10) (14,10) 85
(15,10) (16,10) 369
(16,10) (15,10) 358
(16,10) (17,10) 350
(17,10) (16,10) 315
(17,10) (18,10) 158
(18,10) (17,10) 27
(18,10) (19,10) 382
(19,10) (18,10) 201
(19,10) (20,10) 312
(20,10) (19,10) 377
(20,10) (21,10) 100
(21,10) (20,10) 36
(21,10) (22,10) 178
(22,10) (21,10) 398
(22,10) (23,10) 110
(23,10) (22,10) 20
(23,10) (24,10) 52
(24,10) (23,10) 142
(24,10) (25,10) 314
(25,10) (24,10) 251
(25,10) (26,10) 153
(26,10) (25,10) 4
(26,10) (27,10) 156
(27,10) (26,10) 175
(27,10) (28,10) 38
(28,10) (27,10) 372
(28,10) (29,10) 331
(29,10) (28,10) 278
(29,10) (30,10) 314
(30,10) (29,10) 190
(30,10) (31,10) 165
(31,10) (30,10) 157
(31,10) (32,10) 304
(32,10) (31,10) 385
(32,10) (33,10) 35
(33,10) (32,10) 37
(33,10) (34,10) 193
(34,10) (33,10) 266
(34,10) (35,10) 216
(35,10) (34,10) 250
(35,10) (36,10) 263
(36,10) (35,10) 327
(36,10) (37,10) 242
(37,10) (36,10) 225
(37,10) (38,10) 189
(38,10) (37,10) 124
(38,10) (39,10) 323
(39,10) (38,10) 302
(39,10) (40,10) 258
(40,10) (39,10) 305
(1,10) t 362
(2,10) t 159
(3,10) t 76
(4,10) t 342
(5,10) t 394
(6,10) t 217
(7,10) t 248
(8,10) t 116
(9,10) t 188
(10,10) t 349
(11,10) t 320
(12,10) t 66
(13,10) t 368
(14,10) t 230
(15,10) t 70
(16,10) t 352
(17,10) t 287
(18,10) t 193
(19,10) t 157
(20,10) t 356
(21,10) t 28
(22,10) t 393
(23,10) t 166
(24,10) t 303
(25,10) t 345
(26,10) t 15
(27,10) t 184
(28,10) t 330
(29,10) t 245
(30,10) t 275
(31,10) t 137
(32,10) t 242
(33,10) t 371
(34,10) t 241
(35,10) t 217
(36,10) t 61
(37,10) t 198
(38,10) t 138
(39,10) t 94
(40,10) t 120
