s (1,1) 85
s (2,1) 191
s (3,1) 395
s (4,1) 82
s (5,1) 70
s (6,1) 203
s (7,1) 127
s (8,1) 11
s (9,1) 50
s (10,1) 168
s (11,1) 300
s (12,1) 116
s (13,1) 102
s (14,1) 172
s (15,1) 15
s (16,1) 200
s (17,1) 77
s (18,1) 251
s (19,1) 179
s (20,1) 91
s (21,1) 230
s (22,1) 306
s (23,1) 162
s (24,1) 191
s (25,1) 212
s (26,1) 348
s (27,1) 280
s (28,1) 67
s (29,1) 398
s (30,1) 100
s (31,1) 116
s (32,1) 73
s (33,1) 263
s (34,1) 88
s (35,1) 312
s (36,1) 82
s (37,1) 57
s (38,1) 391
s (39,1) 383
s (40,1) 137
s (41,1) 122
s (42,1) 215
s (43,1) 302
s (44,1) 88
s (45,1) 353
s (46,1) 117
s (47,1) 275
s (48,1) 283
s (49,1) 322
s (50,1) 314
s (51,1) 394
s (52,1) 223
s (53,1) 36
s (54,1) 150
s (55,1) 351
s (56,1) 310
s (57,1) 307
s (58,1) 107
s (59,1) 77
s (60,1) 187
s (61,1) 209
s (62,1) 57
s (63,1) 181
s (64,1) 188
s (65,1) 40
s (66,1) 145
s (67,1) 42
s (68,1) 345
s (69,1) 27
s (70,1) 345
s (71,1) 281
s (72,1) 103
s (73,1) 346
s (74,1) 219
s (75,1) 167
s (76,1) 352
s (77,1) 180
s (78,1) 122
s (79,1) 82
s (80,1) 283
(1,1) (1,2) 247
(2,1) (2,2) 290
(3,1) (3,2) 185
(4,1) (4,2) 212
(5,1) (5,2) 131
(6,1) (6,2) 90
(7,1) (7,2) 199
(8,1) (8,2) 40
(9,1) (9,2) 396
(10,1) (10,2) 313
(11,1) (11,2) 171
(12,1) (12,2) 288
(13,1) (13,2) 254
(14,1) (14,2) 146
(15,1) (15,2) 339
(16,1) (16,2) 103
(17,1) (17,2) 363
(18,1) (18,2) 46
(19,1) (19,2) 231
(20,1) (20,2) 137
(21,1) (21,2) 16
(22,1) (22,2) 133
(23,1) (23,2) 162
(24,1) (24,2) 106
(25,1) (25,2) 134
(26,1) (26,2) 248
(27,1) (27,2) 250
(28,1) (28,2) 336
(29,1) (29,2) 52
(30,1) (30,2) 61
(31,1) (31,2) 353
(32,1) (32,2) 142
(33,1) (33,2) 17
(34,1) (34,2) 296
(35,1) (35,2) 308
(36,1) (36,2) 349
(37,1) (37,2) 119
(38,1) (38,2) 387
(39,1) (39,2) 305
(40,1) (40,2) 377
(41,1) (41,2) 387
(42,1) (42,2) 298
(43,1) (43,2) 69
(44,1) (44,2) 150
(45,1) (45,2) 329
(46,1) (46,2) 309
(47,1) (47,2) 3
(48,1) (48,2) 174
(49,1) (49,2) 373
(50,1) (50,2) 259
(51,1) (51,2) 1
(52,1) (52,2) 104
(53,1) (53,2) 284
(54,1) (54,2) 79
(55,1) (55,2) 140
(56,1) (56,2) 165
(57,1) (57,2) 321
(58,1) (58,2) 114
(59,1) (59,2) 332
(60,1) (60,2) 106
(61,1) (61,2) 323
(62,1) (62,2) 165
(63,1) (63,2) 323
(64,1) (64,2) 309
(65,1) (65,2) 275
(66,1) (66,2) 96
(67,1) (67,2) 126
(68,1) (68,2) 271
(69,1) (69,2) 228
(70,1) (70,2) 308
(71,1) (71,2) 222
(72,1) (72,2) 397
(73,1) (73,2) 267
(74,1) (74,2) 2
(75,1) (75,2) 224
(76,1) (76,2) 146
(77,1) (77,2) 358
(78,1) (78,2) 134
(79,1) (79,2) 376
(80,1) (80,2) 84
(1,2) (1,3) 9
(2,2) (2,3) 67
(3,2) (3,3) 45
(4,2) (4,3) 57
(5,2) (5,3) 387
(6,2) (6,3) 236
(7,2) (7,3) 365
(8,2) (8,3) 254
(9,2) (9,3) 111
(10,2) (10,3) 157
(11,2) (11,3) 49
(12,2) (12,3) 227
(13,2) (13,3) 134
(14,2) (14,3) 292
(15,2) (15,3) 188
(16,2) (16,3) 39
(17,2) (17,3) 146
(18,2) (18,3) 78
(19,2) (19,3) 349
(20,2) (20,3) 220
(21,2) (21,3) 334
(22,2) (22,3) 50
(23,2) (23,3) 356
(24,2) (24,3) 391
(25,2) (25,3) 377
(26,2) (26,3) 324
(27,2) (27,3) 320
(28,2) (28,3) 22
(29,2) (29,3) 121
(30,2) (30,3) 168
(31,2) (31,3) 278
(32,2) (32,3) 206
(33,2) (33,3) 380
(34,2) (34,3) 292
(35,2) (35,3) 335
(36,2) (36,3) 224
(37,2) (37,3) 313
(38,2) (38,3) 352
(39,2) (39,3) 233
(40,2) (40,3) 87
(41,2) (41,3) 101
(42,2) (42,3) 92
(43,2) (43,3) 61
(44,2) (44,3) 352
(45,2) (45,3) 2
(46,2) (46,3) 334
(47,2) (47,3) 256
(48,2) (48,3) 150
(49,2) (49,3) 146
(50,2) (50,3) 374
(51,2) (51,3) 323
(52,2) (52,3) 10
(53,2) (53,3) 361
(54,2) (54,3) 160
(55,2) (55,3) 341
(56,2) (56,3) 332
(57,2) (57,3) 384
(58,2) (58,3) 374
(59,2) (59,3) 185
(60,2) (60,3) 88
(61,2) (61,3) 390
(62,2) (62,3) 175
(63,2) (63,3) 162
(64,2) (64,3) 207
(65,2) (65,3) 97
(66,2) (66,3) 216
(67,2) (67,3) 250
(68,2) (68,3) 33
(69,2) (69,3) 354
(70,2) (70,3) 222
(71,2) (71,3) 98
(72,2) (72,3) 276
(73,2) (73,3) 311
(74,2) (74,3) 149
(75,2) (75,3) 308
(76,2) (76,3) 244
(77,2) (77,3) 217
(78,2) (78,3) 327
(79,2) (79,3) 4
(80,2) (80,3) 103
(1,3) (1,4) 278
(2,3) (2,4) 348
(3,3) (3,4) 261
(4,3) (4,4) 59
(5,3) (5,4) 25
(6,3) (6,4) 67
(7,3) (7,4) 120
(8,3) (8,4) 111
(9,3) (9,4) 245
(10,3) (10,4) 395
(11,3) (11,4) 15
(12,3) (12,4) 283
(13,3) (13,4) 337
(14,3) (14,4) 96
(15,3) (15,4) 319
(16,3) (16,4) 124
(17,3) (17,4) 29
(18,3) (18,4) 293
(19,3) (19,4) 196
(20,3) (20,4) 256
(21,3) (21,4) 274
(22,3) (22,4) 170
(23,3) (23,4) 222
(24,3) (24,4) 90
(25,3) (25,4) 360
(26,3) (26,4) 58
(27,3) (27,4) 281
(28,3) (28,4) 163
(29,3) (29,4) 353
(30,3) (30,4) 228
(31,3) (31,4) 139
(32,3) (32,4) 190
(33,3) (33,4) 274
(34,3) (34,4) 180
(35,3) (35,4) 55
(36,3) (36,4) 325
(37,3) (37,4) 50
(38,3) (38,4) 382
(39,3) (39,4) 254
(40,3) (40,4) 341
(41,3) (41,4) 91
(42,3) (42,4) 86
(43,3) (43,4) 389
(44,3) (44,4) 387
(45,3) (45,4) 286
(46,3) (46,4) 14
(47,3) (47,4) 257
(48,3) (48,4) 313
(49,3) (49,4) 227
(50,3) (50,4) 205
(51,3) (51,4) 335
(52,3) (52,4) 225
(53,3) (53,4) 174
(54,3) (54,4) 120
(55,3) (55,4) 160
(56,3) (56,4) 285
(57,3) (57,4) 204
(58,3) (58,4) 352
(59,3) (59,4) 338
(60,3) (60,4) 241
(61,3) (61,4) 157
(62,3) (62,4) 9
(63,3) (63,4) 234
(64,3) (64,4) 158
(65,3) (65,4) 140
(66,3) (66,4) 322
(67,3) (67,4) 76
(68,3) (68,4) 347
(69,3) (69,4) 73
(70,3) (70,4) 85
(71,3) (71,4) 77
(72,3) (72,4) 306
(73,3) (73,4) 263
(74,3) (74,4) 316
(75,3) (75,4) 112
(76,3) (76,4) 276
(77,3) (77,4) 17
(78,3) (78,4) 174
(79,3) (79,4) 301
(80,3) (80,4) 202
(1,4) (1,5) 168
(2,4) (2,5) 133
(3,4) (3,5) 352
(4,4) (4,5) 233
(5,4) (5,5) 152
(6,4) (6,5) 205
(7,4) (7,5) 77
(8,4) (8,5) 241
(9,4) (9,5) 296
(10,4) (10,5) 156
(11,4) (11,5) 49
(12,4) (12,5) 386
(13,4) (13,5) 160
(14,4) (14,5) 72
(15,4) (15,5) 3
(16,4) (16,5) 188
(17,4) (17,5) 101
(18,4) (18,5) 137
(19,4) (19,5) 314
(20,4) (20,5) 209
(21,4) (21,5) 224
(22,4) (22,5) 125
(23,4) (23,5) 296
(24,4) (24,5) 249
(25,4) (25,5) 125
(26,4) (26,5) 321
(27,4) (27,5) 132
(28,4) (28,5) 114
(29,4) (29,5) 286
(30,4) (30,5) 51
(31,4) (31,5) 197
(32,4) (32,5) 146
(33,4) (33,5) 143
(34,4) (34,5) 129
(35,4) (35,5) 234
(36,4) (36,5) 283
(37,4) (37,5) 261
(38,4) (38,5) 157
(39,4) (39,5) 343
(40,4) (40,5) 57
(41,4) (41,5) 224
(42,4) (42,5) 176
(43,4) (43,5) 314
(44,4) (44,5) 107
(45,4) (45,5) 336
(46,4) (46,5) 279
(47,4) (47,5) 12
(48,4) (48,5) 139
(49,4) (49,5) 323
(50,4) (50,5) 335
(51,4) (51,5) 307
(52,4) (52,5) 92
(53,4) (53,5) 60
(54,4) (54,5) 281
(55,4) (55,5) 371
(56,4) (56,5) 31
(57,4) (57,5) 64
(58,4) (58,5) 281
(59,4) (59,5) 164
(60,4) (60,5) 130
(61,4) (61,5) 9
(62,4) (62,5) 145
(63,4) (63,5) 79
(64,4) (64,5) 342
(65,4) (65,5) 109
(66,4) (66,5) 133
(67,4) (67,5) 195
(68,4) (68,5) 331
(69,4) (69,5) 361
(70,4) (70,5) 27
(71,4) (71,5) 356
(72,4) (72,5) 122
(73,4) (73,5) 23
(74,4) (74,5) 209
(75,4) (75,5) 179
(76,4) (76,5) 62
(77,4) (77,5) 399
(78,4) (78,5) 394
(79,4) (79,5) 120
(80,4) (80,5) 32
(1,5) (1,6) 202
(2,5) (2,6) 310
(3,5) (3,6) 300
(4,5) (4,6) 254
(5,5) (5,6) 97
(6,5) (6,6) 333
(7,5) (7,6) 51
(8,5) (8,6) 72
(9,5) (9,6) 84
(10,5) (10,6) 8
(11,5) (11,6) 150
(12,5) (12,6) 246
(13,5) (13,6) 263
(14,5) (14,6) 141
(15,5) (15,6) 207
(16,5) (16,6) 345
(17,5) (17,6) 102
(18,5) (18,6) 197
(19,5) (19,6) 189
(20,5) (20,6) 237
(21,5) (21,6) 361
(22,5) (22,6) 107
(23,5) (23,6) 200
(24,5) (24,6) 231
(25,5) (25,6) 354
(26,5) (26,6) 179
(27,5) (27,6) 110
(28,5) (28,6) 1
(29,5) (29,6) 19
(30,5) (30,6) 100
(31,5) (31,6) 204
(32,5) (32,6) 367
(33,5) (33,6) 349
(34,5) (34,6) 100
(35,5) (35,6) 8
(36,5) (36,6) 253
(37,5) (37,6) 116
(38,5) (38,6) 14
(39,5) (39,6) 331
(40,5) (40,6) 87
(41,5) (41,6) 222
(42,5) (42,6) 98
(43,5) (43,6) 316
(44,5) (44,6) 180
(45,5) (45,6) 394
(46,5) (46,6) 314
(47,5) (47,6) 263
(48,5) (48,6) 96
(49,5) (49,6) 269
(50,5) (50,6) 325
(51,5) (51,6) 349
(52,5) (52,6) 389
(53,5) (53,6) 215
(54,5) (54,6) 322
(55,5) (55,6) 101
(56,5) (56,6) 373
(57,5) (57,6) 372
(58,5) (58,6) 138
(59,5) (59,6) 128
(60,5) (60,6) 375
(61,5) (61,6) 383
(62,5) (62,6) 169
(63,5) (63,6) 74
(64,5) (64,6) 299
(65,5) (65,6) 97
(66,5) (66,6) 139
(67,5) (67,6) 93
(68,5) (68,6) 300
(69,5) (69,6) 311
(70,5) (70,6) 208
(71,5) (71,6) 175
(72,5) (72,6) 49
(73,5) (73,6) 65
(74,5) (74,6) 91
(75,5) (75,6) 315
(76,5) (76,6) 111
(77,5) (77,6) 199
(78,5) (78,6) 301
(79,5) (79,6) 365
(80,5) (80,6) 399
(1,6) (1,7) 374
(2,6) (2,7) 296
(3,6) (3,7) 103
(4,6) (4,7) 103
(5,6) (5,7) 360
(6,6) (6,7) 211
(7,6) (7,7) 17
(8,6) (8,7) 232
(9,6) (9,7) 194
(10,6) (10,7) 217
(11,6) (11,7) 397
(12,6) (12,7) 260
(13,6) (13,7) 55
(14,6) (14,7) 222
(15,6) (15,7) 120
(16,6) (16,7) 90
(17,6) (17,7) 233
(18,6) (18,7) 128
(19,6) (19,7) 301
(20,6) (20,7) 287
(21,6) (21,7) 111
(22,6) (22,7) 117
(23,6) (23,7) 52
(24,6) (24,7) 362
(25,6) (25,7) 339
(26,6) (26,7) 55
(27,6) (27,7) 39
(28,6) (28,7) 107
(29,6) (29,7) 66
(30,6) (30,7) 313
(31,6) (31,7) 388
(32,6) (32,7) 249
(33,6) (33,7) 214
(34,6) (34,7) 292
(35,6) (35,7) 303
(36,6) (36,7) 88
(37,6) (37,7) 49
(38,6) (38,7) 98
(39,6) (39,7) 399
(40,6) (40,7) 388
(41,6) (41,7) 15
(42,6) (42,7) 374
(43,6) (43,7) 361
(44,6) (44,7) 92
(45,6) (45,7) 190
(46,6) (46,7) 22
(47,6) (47,7) 394
(48,6) (48,7) 269
(49,6) (49,7) 282
(50,6) (50,7) 55
(51,6) (51,7) 77
(52,6) (52,7) 266
(53,6) (53,7) 97
(54,6) (54,7) 52
(55,6) (55,7) 236
(56,6) (56,7) 277
(57,6) (57,7) 149
(58,6) (58,7) 266
(59,6) (59,7) 387
(60,6) (60,7) 365
(61,6) (61,7) 384
(62,6) (62,7) 18
(63,6) (63,7) 113
(64,6) (64,7) 244
(65,6) (65,7) 305
(66,6) (66,7) 155
(67,6) (67,7) 392
(68,6) (68,7) 43
(69,6) (69,7) 276
(70,6) (70,7) 196
(71,6) (71,7) 115
(72,6) (72,7) 300
(73,6) (73,7) 128
(74,6) (74,7) 292
(75,6) (75,7) 55
(76,6) (76,7) 244
(77,6) (77,7) 202
(78,6) (78,7) 22
(79,6) (79,7) 370
(80,6) (80,7) 27
(1,7) (1,8) 231
(2,7) (2,8) 68
(3,7) (3,8) 161
(4,7) (4,8) 1
(5,7) (5,8) 127
(6,7) (6,8) 238
(7,7) (7,8) 333
(8,7) (8,8) 215
(9,7) (9,8) 141
(10,7) (10,8) 23
(11,7) (11,8) 213
(12,7) (12,8) 231
(13,7) (13,8) 99
(14,7) (14,8) 365
(15,7) (15,8) 263
(16,7) (16,8) 353
(17,7) (17,8) 234
(18,7) (18,8) 67
(19,7) (19,8) 391
(20,7) (20,8) 4
(21,7) (21,8) 311
(22,7) (22,8) 92
(23,7) (23,8) 290
(24,7) (24,8) 325
(25,7) (25,8) 185
(26,7) (26,8) 182
(27,7) (27,8) 253
(28,7) (28,8) 302
(29,7) (29,8) 286
(30,7) (30,8) 145
(31,7) (31,8) 102
(32,7) (32,8) 358
(33,7) (33,8) 229
(34,7) (34,8) 27
(35,7) (35,8) 188
(36,7) (36,8) 393
(37,7) (37,8) 287
(38,7) (38,8) 105
(39,7) (39,8) 107
(40,7) (40,8) 324
(41,7) (41,8) 15
(42,7) (42,8) 116
(43,7) (43,8) 335
(44,7) (44,8) 367
(45,7) (45,8) 272
(46,7) (46,8) 205
(47,7) (47,8) 234
(48,7) (48,8) 247
(49,7) (49,8) 86
(50,7) (50,8) 78
(51,7) (51,8) 16
(52,7) (52,8) 343
(53,7) (53,8) 204
(54,7) (54,8) 223
(55,7) (55,8) 335
(56,7) (56,8) 130
(57,7) (57,8) 13
(58,7) (58,8) 98
(59,7) (59,8) 237
(60,7) (60,8) 16
(61,7) (61,8) 222
(62,7) (62,8) 203
(63,7) (63,8) 153
(64,7) (64,8) 291
(65,7) (65,8) 232
(66,7) (66,8) 383
(67,7) (67,8) 259
(68,7) (68,8) 372
(69,7) (69,8) 323
(70,7) (70,8) 40
(71,7) (71,8) 88
(72,7) (72,8) 255
(73,7) (73,8) 302
(74,7) (74,8) 147
(75,7) (75,8) 278
(76,7) (76,8) 88
(77,7) (77,8) 252
(78,7) (78,8) 343
(79,7) (79,8) 126
(80,7) (80,8) 232
(1,8) (1,9) 264
(2,8) (2,9) 241
(3,8) (3,9) 55
(4,8) (4,9) 8
(5,8) (5,9) 169
(6,8) (6,9) 288
(7,8) (7,9) 78
(8,8) (8,9) 136
(9,8) (9,9) 272
(10,8) (10,9) 170
(11,8) (11,9) 267
(12,8) (12,9) 317
(13,8) (13,9) 270
(14,8) (14,9) 73
(15,8) (15,9) 224
(16,8) (16,9) 165
(17,8) (17,9) 291
(18,8) (18,9) 198
(19,8) (19,9) 315
(20,8) (20,9) 280
(21,8) (21,9) 353
(22,8) (22,9) 176
(23,8) (23,9) 282
(24,8) (24,9) 125
(25,8) (25,9) 207
(26,8) (26,9) 185
(27,8) (27,9) 366
(28,8) (28,9) 373
(29,8) (29,9) 105
(30,8) (30,9) 318
(31,8) (31,9) 327
(32,8) (32,9) 184
(33,8) (33,9) 229
(34,8) (34,9) 128
(35,8) (35,9) 143
(36,8) (36,9) 155
(37,8) (37,9) 128
(38,8) (38,9) 388
(39,8) (39,9) 116
(40,8) (40,9) 139
(41,8) (41,9) 23
(42,8) (42,9) 323
(43,8) (43,9) 157
(44,8) (44,9) 25
(45,8) (45,9) 18
(46,8) (46,9) 94
(47,8) (47,9) 141
(48,8) (48,9) 305
(49,8) (49,9) 122
(50,8) (50,9) 83
(51,8) (51,9) 277
(52,8) (52,9) 376
(53,8) (53,9) 75
(54,8) (54,9) 180
(55,8) (55,9) 308
(56,8) (56,9) 337
(57,8) (57,9) 309
(58,8) (58,9) 74
(59,8) (59,9) 394
(60,8) (60,9) 189
(61,8) (61,9) 141
(62,8) (62,9) 246
(63,8) (63,9) 122
(64,8) (64,9) 205
(65,8) (65,9) 128
(66,8) (66,9) 239
(67,8) (67,9) 94
(68,8) (68,9) 341
(69,8) (69,9) 327
(70,8) (70,9) 205
(71,8) (71,9) 244
(72,8) (72,9) 398
(73,8) (73,9) 277
(74,8) (74,9) 177
(75,8) (75,9) 357
(76,8) (76,9) 232
(77,8) (77,9) 78
(78,8) (78,9) 127
(79,8) (79,9) 310
(80,8) (80,9) 379
(1,9) (1,10) 306
(2,9) (2,10) 377
(3,9) (3,10) 312
(4,9) (4,10) 200
(5,9) (5,10) 295
(6,9) (6,10) 297
(7,9) (7,10) 395
(8,9) (8,10) 33
(9,9) (9,10) 21
(10,9) (10,10) 346
(11,9) (11,10) 271
(12,9) (12,10) 305
(13,9) (13,10) 394
(14,9) (14,10) 180
(15,9) (15,10) 282
(16,9) (16,10) 249
(17,9) (17,10) 126
(18,9) (18,10) 386
(19,9) (19,10) 118
(20,9) (20,10) 344
(21,9) (21,10) 336
(22,9) (22,10) 178
(23,9) (23,10) 114
(24,9) (24,10) 70
(25,9) (25,10) 15
(26,9) (26,10) 312
(27,9) (27,10) 344
(28,9) (28,10) 254
(29,9) (29,10) 198
(30,9) (30,10) 335
(31,9) (31,10) 287
(32,9) (32,10) 102
(33,9) (33,10) 111
(34,9) (34,10) 269
(35,9) (35,10) 135
(36,9) (36,10) 380
(37,9) (37,10) 88
(38,9) (38,10) 178
(39,9) (39,10) 145
(40,9) (40,10) 174
(41,9) (41,10) 210
(42,9) (42,10) 317
(43,9) (43,10) 273
(44,9) (44,10) 70
(45,9) (45,10) 390
(46,9) (46,10) 43
(47,9) (47,10) 220
(48,9) (48,10) 257
(49,9) (49,10) 82
(50,9) (50,10) 109
(51,9) (51,10) 251
(52,9) (52,10) 346
(53,9) (53,10) 97
(54,9) (54,10) 389
(55,9) (55,10) 178
(56,9) (56,10) 119
(57,9) (57,10) 281
(58,9) (58,10) 60
(59,9) (59,10) 362
(60,9) (60,10) 319
(61,9) (61,10) 350
(62,9) (62,10) 323
(63,9) (63,10) 74
(64,9) (64,10) 295
(65,9) (65,10) 148
(66,9) (66,10) 132
(67,9) (67,10) 293
(68,9) (68,10) 376
(69,9) (69,10) 49
(70,9) (70,10) 324
(71,9) (71,10) 12
(72,9) (72,10) 191
(73,9) (73,10) 289
(74,9) (74,10) 279
(75,9) (75,10) 228
(76,9) (76,10) 1
(77,9) (77,10) 259
(78,9) (78,10) 48
(79,9) (79,10) 66
(80,9) (80,10) 296
(1,1) (2,1) 49
(2,1) (1,1) 20
(2,1) (3,1) 291
(3,1) (2,1) 206
(3,1) (4,1) 13
(4,1) (3,1) 10
(4,1) (5,1) 345
(5,1) (4,1) 181
(5,1) (6,1) 198
(6,1) (5,1) 81
(6,1) (7,1) 335
(7,1) (6,1) 80
(7,1) (8,1) 202
(8,1) (7,1) 205
(8,1) (9,1) 381
(9,1) (8,1) 18
(9,1) (10,1) 213
(10,1) (9,1) 192
(10,1) (11,1) 215
(11,1) (10,1) 49
(11,1) (12,1) 184
(12,1) (11,1) 209
(12,1) (13,1) 304
(13,1) (12,1) 6
(13,1) (14,1) 53
(14,1) (13,1) 316
(14,1) (15,1) 204
(15,1) (14,1) 36
(15,1) (16,1) 375
(16,1) (15,1) 358
(16,1) (17,1) 18
(17,1) (16,1) 339
(17,1) (18,1) 94
(18,1) (17,1) 11
(18,1) (19,1) 305
(19,1) (18,1) 168
(19,1) (20,1) 344
(20,1) (19,1) 69
(20,1) (21,1) 234
(21,1) (20,1) 243
(21,1) (22,1) 315
(22,1) (21,1) 11
(22,1) (23,1) 266
(23,1) (22,1) 356
(23,1) (24,1) 110
(24,1) (23,1) 228
(24,1) (25,1) 283
(25,1) (24,1) 154
(25,1) (26,1) 56
(26,1) (25,1) 54
(26,1) (27,1) 257
(27,1) (26,1) 170
(27,1) (28,1) 208
(28,1) (27,1) 272
(28,1) (29,1) 79
(29,1) (28,1) 40
(29,1) (30,1) 195
(30,1) (29,1) 224
(30,1) (31,1) 124
(31,1) (30,1) 261
(31,1) (32,1) 196
(32,1) (31,1) 241
(32,1) (33,1) 272
(33,1) (32,1) 230
(33,1) (34,1) 126
(34,1) (33,1) 165
(34,1) (35,1) 72
(35,1) (34,1) 92
(35,1) (36,1) 181
(36,1) (35,1) 363
(36,1) (37,1) 137
(37,1) (36,1) 85
(37,1) (38,1) 315
(38,1) (37,1) 125
(38,1) (39,1) 161
(39,1) (38,1) 95
(39,1) (40,1) 190
(40,1) (39,1) 217
(40,1) (41,1) 249
(41,1) (40,1) 52
(41,1) (42,1) 158
(42,1) (41,1) 26
(42,1) (43,1) 70
(43,1) (42,1) 310
(43,1) (44,1) 205
(44,1) (43,1) 274
(44,1) (45,1) 95
(45,1) (44,1) 185
(45,1) (46,1) 15
(46,1) (45,1) 358
(46,1) (47,1) 313
(47,1) (46,1) 279
(47,1) (48,1) 288
(48,1) (47,1) 150
(48,1) (49,1) 350
(49,1) (48,1) 116
(49,1) (50,1) 261
(50,1) (49,1) 232
(50,1) (51,1) 205
(51,1) (50,1) 303
(51,1) (52,1) 138
(52,1) (51,1) 191
(52,1) (53,1) 330
(53,1) (52,1) 129
(53,1) (54,1) 11
(54,1) (53,1) 205
(54,1) (55,1) 38
(55,1) (54,1) 229
(55,1) (56,1) 62
(56,1) (55,1) 194
(56,1) (57,1) 25
(57,1) (56,1) 132
(57,1) (58,1) 141
(58,1) (57,1) 144
(58,1) (59,1) 44
(59,1) (58,1) 219
(59,1) (60,1) 50
(60,1) (59,1) 45
(60,1) (61,1) 131
(61,1) (60,1) 92
(61,1) (62,1) 348
(62,1) (61,1) 84
(62,1) (63,1) 183
(63,1) (62,1) 382
(63,1) (64,1) 94
(64,1) (63,1) 88
(64,1) (65,1) 34
(65,1) (64,1) 82
(65,1) (66,1) 21
(66,1) (65,1) 310
(66,1) (67,1) 179
(67,1) (66,1) 3
(67,1) (68,1) 314
(68,1) (67,1) 86
(68,1) (69,1) 194
(69,1) (68,1) 9
(69,1) (70,1) 350
(70,1) (69,1) 93
(70,1) (71,1) 174
(71,1) (70,1) 138
(71,1) (72,1) 130
(72,1) (71,1) 339
(72,1) (73,1) 321
(73,1) (72,1) 157
(73,1) (74,1) 89
(74,1) (73,1) 236
(74,1) (75,1) 133
(75,1) (74,1) 333
(75,1) (76,1) 229
(76,1) (75,1) 149
(76,1) (77,1) 159
(77,1) (76,1) 166
(77,1) (78,1) 110
(78,1) (77,1) 284
(78,1) (79,1) 170
(79,1) (78,1) 95
(79,1) (80,1) 321
(80,1) (79,1) 332
(1,2) (2,2) 143
(2,2) (1,2) 35
(2,2) (3,2) 197
(3,2) (2,2) 212
(3,2) (4,2) 304
(4,2) (3,2) 126
(4,2) (5,2) 73
(5,2) (4,2) 131
(5,2) (6,2) 276
(6,2) (5,2) 337
(6,2) (7,2) 153
(7,2) (6,2) 211
(7,2) (8,2) 316
(8,2) (7,2) 307
(8,2) (9,2) 335
(9,2) (8,2) 303
(9,2) (10,2) 324
(10,2) (9,2) 292
(10,2) (11,2) 261
(11,2) (10,2) 241
(11,2) (12,2) 166
(12,2) (11,2) 62
(12,2) (13,2) 233
(13,2) (12,2) 45
(13,2) (14,2) 264
(14,2) (13,2) 42
(14,2) (15,2) 346
(15,2) (14,2) 4
(15,2) (16,2) 309
(16,2) (15,2) 172
(16,2) (17,2) 159
(17,2) (16,2) 229
(17,2) (18,2) 201
(18,2) (17,2) 61
(18,2) (19,2) 279
(19,2) (18,2) 54
(19,2) (20,2) 310
(20,2) (19,2) 83
(20,2) (21,2) 155
(21,2) (20,2) 155
(21,2) (22,2) 372
(22,2) (21,2) 159
(22,2) (23,2) 127
(23,2) (22,2) 273
(23,2) (24,2) 294
(24,2) (23,2) 98
(24,2) (25,2) 23
(25,2) (24,2) 154
(25,2) (26,2) 103
(26,2) (25,2) 108
(26,2) (27,2) 390
(27,2) (26,2) 197
(27,2) (28,2) 178
(28,2) (27,2) 275
(28,2) (29,2) 34
(29,2) (28,2) 25
(29,2) (30,2) 337
(30,2) (29,2) 173
(30,2) (31,2) 292
(31,2) (30,2) 30
(31,2) (32,2) 318
(32,2) (31,2) 379
(32,2) (33,2) 91
(33,2) (32,2) 8
(33,2) (34,2) 117
(34,2) (33,2) 258
(34,2) (35,2) 144
(35,2) (34,2) 384
(35,2) (36,2) 170
(36,2) (35,2) 118
(36,2) (37,2) 291
(37,2) (36,2) 161
(37,2) (38,2) 199
(38,2) (37,2) 229
(38,2) (39,2) 341
(39,2) (38,2) 252
(39,2) (40,2) 254
(40,2) (39,2) 13
(40,2) (41,2) 159
(41,2) (40,2) 313
(41,2) (42,2) 333
(42,2) (41,2) 171
(42,2) (43,2) 144
(43,2) (42,2) 379
(43,2) (44,2) 223
(44,2) (43,2) 353
(44,2) (45,2) 52
(45,2) (44,2) 366
(45,2) (46,2) 126
(46,2) (45,2) 371
(46,2) (47,2) 143
(47,2) (46,2) 351
(47,2) (48,2) 295
(48,2) (47,2) 15
(48,2) (49,2) 377
(49,2) (48,2) 40
(49,2) (50,2) 182
(50,2) (49,2) 310
(50,2) (51,2) 339
(51,2) (50,2) 326
(51,2) (52,2) 80
(52,2) (51,2) 91
(52,2) (53,2) 103
(53,2) (52,2) 105
(53,2) (54,2) 272
(54,2) (53,2) 151
(54,2) (55,2) 190
(55,2) (54,2) 296
(55,2) (56,2) 121
(56,2) (55,2) 119
(56,2) (57,2) 60
(57,2) (56,2) 399
(57,2) (58,2) 74
(58,2) (57,2) 227
(58,2) (59,2) 85
(59,2) (58,2) 182
(59,2) (60,2) 79
(60,2) (59,2) 235
(60,2) (61,2) 99
(61,2) (60,2) 303
(61,2) (62,2) 68
(62,2) (61,2) 223
(62,2) (63,2) 47
(63,2) (62,2) 139
(63,2) (64,2) 148
(64,2) (63,2) 124
(64,2) (65,2) 157
(65,2) (64,2) 121
(65,2) (66,2) 112
(66,2) (65,2) 94
(66,2) (67,2) 132
(67,2) (66,2) 108
(67,2) (68,2) 236
(68,2) (67,2) 23
(68,2) (69,2) 170
(69,2) (68,2) 392
(69,2) (70,2) 291
(70,2) (69,2) 26
(70,2) (71,2) 223
(71,2) (70,2) 393
(71,2) (72,2) 250
(72,2) (71,2) 68
(72,2) (73,2) 144
(73,2) (72,2) 32
(73,2) (74,2) 322
(74,2) (73,2) 40
(74,2) (75,2) 188
(75,2) (74,2) 43
(75,2) (76,2) 247
(76,2) (75,2) 149
(76,2) (77,2) 307
(77,2) (76,2) 384
(77,2) (78,2) 214
(78,2) (77,2) 247
(78,2) (79,2) 89
(79,2) (78,2) 214
(79,2) (80,2) 139
(80,2) (79,2) 150
(1,3) (2,3) 106
(2,3) (1,3) 368
(2,3) (3,3) 232
(3,3) (2,3) 238
(3,3) (4,3) 200
(4,3) (3,3) 118
(4,3) (5,3) 161
(5,3) (4,3) 124
(5,3) (6,3) 112
(6,3) (5,3) 321
(6,3) (7,3) 132
(7,3) (6,3) 306
(7,3) (8,3) 139
(8,3) (7,3) 147
(8,3) (9,3) 103
(9,3) (8,3) 24
(9,3) (10,3) 224
(10,3) (9,3) 369
(10,3) (11,3) 42
(11,3) (10,3) 319
(11,3) (12,3) 119
(12,3) (11,3) 191
(12,3) (13,3) 283
(13,3) (12,3) 19
(13,3) (14,3) 40
(14,3) (13,3) 390
(14,3) (15,3) 296
(15,3) (14,3) 348
(15,3) (16,3) 113
(16,3) (15,3) 356
(16,3) (17,3) 127
(17,3) (16,3) 177
(17,3) (18,3) 70
(18,3) (17,3) 224
(18,3) (19,3) 257
(19,3) (18,3) 314
(19,3) (20,3) 307
(20,3) (19,3) 392
(20,3) (21,3) 389
(21,3) (20,3) 288
(21,3) (22,3) 189
(22,3) (21,3) 57
(22,3) (23,3) 376
(23,3) (22,3) 35
(23,3) (24,3) 231
(24,3) (23,3) 234
(24,3) (25,3) 114
(25,3) (24,3) 343
(25,3) (26,3) 17
(26,3) (25,3) 342
(26,3) (27,3) 197
(27,3) (26,3) 220
(27,3) (28,3) 106
(28,3) (27,3) 164
(28,3) (29,3) 63
(29,3) (28,3) 361
(29,3) (30,3) 86
(30,3) (29,3) 36
(30,3) (31,3) 286
(31,3) (30,3) 181
(31,3) (32,3) 314
(32,3) (31,3) 56
(32,3) (33,3) 323
(33,3) (32,3) 369
(33,3) (34,3) 4
(34,3) (33,3) 13
(34,3) (35,3) 127
(35,3) (34,3) 197
(35,3) (36,3) 216
(36,3) (35,3) 261
(36,3) (37,3) 90
(37,3) (36,3) 6
(37,3) (38,3) 293
(38,3) (37,3) 291
(38,3) (39,3) 210
(39,3) (38,3) 208
(39,3) (40,3) 23
(40,3) (39,3) 338
(40,3) (41,3) 224
(41,3) (40,3) 150
(41,3) (42,3) 181
(42,3) (41,3) 321
(42,3) (43,3) 151
(43,3) (42,3) 323
(43,3) (44,3) 330
(44,3) (43,3) 79
(44,3) (45,3) 38
(45,3) (44,3) 220
(45,3) (46,3) 289
(46,3) (45,3) 79
(46,3) (47,3) 237
(47,3) (46,3) 100
(47,3) (48,3) 249
(48,3) (47,3) 200
(48,3) (49,3) 268
(49,3) (48,3) 379
(49,3) (50,3) 168
(50,3) (49,3) 300
(50,3) (51,3) 182
(51,3) (50,3) 164
(51,3) (52,3) 220
(52,3) (51,3) 67
(52,3) (53,3) 196
(53,3) (52,3) 2
(53,3) (54,3) 381
(54,3) (53,3) 35
(54,3) (55,3) 118
(55,3) (54,3) 142
(55,3) (56,3) 46
(56,3) (55,3) 110
(56,3) (57,3) 261
(57,3) (56,3) 375
(57,3) (58,3) 82
(58,3) (57,3) 40
(58,3) (59,3) 116
(59,3) (58,3) 375
(59,3) (60,3) 155
(60,3) (59,3) 132
(60,3) (61,3) 293
(61,3) (60,3) 318
(61,3) (62,3) 253
(62,3) (61,3) 122
(62,3) (63,3) 232
(63,3) (62,3) 366
(63,3) (64,3) 97
(64,3) (63,3) 295
(64,3) (65,3) 61
(65,3) (64,3) 274
(65,3) (66,3) 310
(66,3) (65,3) 1
(66,3) (67,3) 139
(67,3) (66,3) 331
(67,3) (68,3) 226
(68,3) (67,3) 52
(68,3) (69,3) 41
(69,3) (68,3) 344
(69,3) (70,3) 247
(70,3) (69,3) 110
(70,3) (71,3) 41
(71,3) (70,3) 65
(71,3) (72,3) 48
(72,3) (71,3) 100
(72,3) (73,3) 245
(73,3) (72,3) 192
(73,3) (74,3) 138
(74,3) (73,3) 143
(74,3) (75,3) 369
(75,3) (74,3) 237
(75,3) (76,3) 128
(76,3) (75,3) 263
(76,3) (77,3) 208
(77,3) (76,3) 165
(77,3) (78,3) 398
(78,3) (77,3) 218
(78,3) (79,3) 3
(79,3) (78,3) 6
(79,3) (80,3) 279
(80,3) (79,3) 328
(1,4) (2,4) 44
(2,4) (1,4) 233
(2,4) (3,4) 242
(3,4) (2,4) 302
(3,4) (4,4) 305
(4,4) (3,4) 93
(4,4) (5,4) 79
(5,4) (4,4) 318
(5,4) (6,4) 75
(6,4) (5,4) 316
(6,4) (7,4) 264
(7,4) (6,4) 103
(7,4) (8,4) 14
(8,4) (7,4) 252
(8,4) (9,4) 354
(9,4) (8,4) 118
(9,4) (10,4) 67
(10,4) (9,4) 148
(10,4) (11,4) 35
(11,4) (10,4) 393
(11,4) (12,4) 225
(12,4) (11,4) 184
(12,4) (13,4) 13
(13,4) (12,4) 219
(13,4) (14,4) 251
(14,4) (13,4) 132
(14,4) (15,4) 216
(15,4) (14,4) 114
(15,4) (16,4) 114
(16,4) (15,4) 209
(16,4) (17,4) 14
(17,4) (16,4) 129
(17,4) (18,4) 155
(18,4) (17,4) 295
(18,4) (19,4) 192
(19,4) (18,4) 137
(19,4) (20,4) 12
(20,4) (19,4) 335
(20,4) (21,4) 374
(21,4) (20,4) 3
(21,4) (22,4) 159
(22,4) (21,4) 82
(22,4) (23,4) 388
(23,4) (22,4) 275
(23,4) (24,4) 89
(24,4) (23,4) 292
(24,4) (25,4) 264
(25,4) (24,4) 74
(25,4) (26,4) 116
(26,4) (25,4) 167
(26,4) (27,4) 175
(27,4) (26,4) 346
(27,4) (28,4) 73
(28,4) (27,4) 174
(28,4) (29,4) 167
(29,4) (28,4) 54
(29,4) (30,4) 313
(30,4) (29,4) 367
(30,4) (31,4) 303
(31,4) (30,4) 6
(31,4) (32,4) 106
(32,4) (31,4) 243
(32,4) (33,4) 91
(33,4) (32,4) 148
(33,4) (34,4) 351
(34,4) (33,4) 77
(34,4) (35,4) 308
(35,4) (34,4) 54
(35,4) (36,4) 368
(36,4) (35,4) 388
(36,4) (37,4) 316
(37,4) (36,4) 280
(37,4) (38,4) 281
(38,4) (37,4) 47
(38,4) (39,4) 239
(39,4) (38,4) 293
(39,4) (40,4) 30
(40,4) (39,4) 252
(40,4) (41,4) 277
(41,4) (40,4) 338
(41,4) (42,4) 28
(42,4) (41,4) 381
(42,4) (43,4) 244
(43,4) (42,4) 55
(43,4) (44,4) 59
(44,4) (43,4) 80
(44,4) (45,4) 370
(45,4) (44,4) 235
(45,4) (46,4) 224
(46,4) (45,4) 90
(46,4) (47,4) 232
(47,4) (46,4) 331
(47,4) (48,4) 366
(48,4) (47,4) 191
(48,4) (49,4) 2
(49,4) (48,4) 342
(49,4) (50,4) 108
(50,4) (49,4) 16
(50,4) (51,4) 98
(51,4) (50,4) 152
(51,4) (52,4) 82
(52,4) (51,4) 337
(52,4) (53,4) 325
(53,4) (52,4) 225
(53,4) (54,4) 349
(54,4) (53,4) 198
(54,4) (55,4) 349
(55,4) (54,4) 257
(55,4) (56,4) 242
(56,4) (55,4) 362
(56,4) (57,4) 30
(57,4) (56,4) 83
(57,4) (58,4) 303
(58,4) (57,4) 235
(58,4) (59,4) 20
(59,4) (58,4) 163
(59,4) (60,4) 301
(60,4) (59,4) 165
(60,4) (61,4) 209
(61,4) (60,4) 13
(61,4) (62,4) 322
(62,4) (61,4) 137
(62,4) (63,4) 245
(63,4) (62,4) 308
(63,4) (64,4) 3
(64,4) (63,4) 122
(64,4) (65,4) 246
(65,4) (64,4) 43
(65,4) (66,4) 374
(66,4) (65,4) 21
(66,4) (67,4) 159
(67,4) (66,4) 211
(67,4) (68,4) 357
(68,4) (67,4) 298
(68,4) (69,4) 116
(69,4) (68,4) 354
(69,4) (70,4) 158
(70,4) (69,4) 379
(70,4) (71,4) 35
(71,4) (70,4) 156
(71,4) (72,4) 72
(72,4) (71,4) 47
(72,4) (73,4) 166
(73,4) (72,4) 241
(73,4) (74,4) 241
(74,4) (73,4) 180
(74,4) (75,4) 341
(75,4) (74,4) 195
(75,4) (76,4) 194
(76,4) (75,4) 287
(76,4) (77,4) 233
(77,4) (76,4) 2
(77,4) (78,4) 180
(78,4) (77,4) 305
(78,4) (79,4) 347
(79,4) (78,4) 229
(79,4) (80,4) 347
(80,4) (79,4) 24
(1,5) (2,5) 123
(2,5) (1,5) 359
(2,5) (3,5) 160
(3,5) (2,5) 78
(3,5) (4,5) 285
(4,5) (3,5) 236
(4,5) (5,5) 269
(5,5) (4,5) 226
(5,5) (6,5) 301
(6,5) (5,5) 31
(6,5) (7,5) 338
(7,5) (6,5) 18
(7,5) (8,5) 35
(8,5) (7,5) 265
(8,5) (9,5) 36
(9,5) (8,5) 50
(9,5) (10,5) 178
(10,5) (9,5) 352
(10,5) (11,5) 213
(11,5) (10,5) 379
(11,5) (12,5) 10
(12,5) (11,5) 298
(12,5) (13,5) 79
(13,5) (12,5) 307
(13,5) (14,5) 77
(14,5) (13,5) 348
(14,5) (15,5) 265
(15,5) (14,5) 324
(15,5) (16,5) 111
(16,5) (15,5) 355
(16,5) (17,5) 364
(17,5) (16,5) 76
(17,5) (18,5) 310
(18,5) (17,5) 270
(18,5) (19,5) 128
(19,5) (18,5) 145
(19,5) (20,5) 241
(20,5) (19,5) 38
(20,5) (21,5) 255
(21,5) (20,5) 175
(21,5) (22,5) 149
(22,5) (21,5) 284
(22,5) (23,5) 363
(23,5) (22,5) 287
(23,5) (24,5) 226
(24,5) (23,5) 13
(24,5) (25,5) 395
(25,5) (24,5) 181
(25,5) (26,5) 261
(26,5) (25,5) 180
(26,5) (27,5) 48
(27,5) (26,5) 358
(27,5) (28,5) 375
(28,5) (27,5) 140
(28,5) (29,5) 278
(29,5) (28,5) 84
(29,5) (30,5) 146
(30,5) (29,5) 192
(30,5) (31,5) 135
(31,5) (30,5) 120
(31,5) (32,5) 339
(32,5) (31,5) 194
(32,5) (33,5) 25
(33,5) (32,5) 283
(33,5) (34,5) 43
(34,5) (33,5) 164
(34,5) (35,5) 376
(35,5) (34,5) 33
(35,5) (36,5) 95
(36,5) (35,5) 198
(36,5) (37,5) 222
(37,5) (36,5) 50
(37,5) (38,5) 176
(38,5) (37,5) 172
(38,5) (39,5) 398
(39,5) (38,5) 134
(39,5) (40,5) 149
(40,5) (39,5) 107
(40,5) (41,5) 224
(41,5) (40,5) 61
(41,5) (42,5) 164
(42,5) (41,5) 97
(42,5) (43,5) 390
(43,5) (42,5) 360
(43,5) (44,5) 239
(44,5) (43,5) 158
(44,5) (45,5) 285
(45,5) (44,5) 327
(45,5) (46,5) 283
(46,5) (45,5) 290
(46,5) (47,5) 64
(47,5) (46,5) 352
(47,5) (48,5) 332
(48,5) (47,5) 340
(48,5) (49,5) 311
(49,5) (48,5) 233
(49,5) (50,5) 93
(50,5) (49,5) 253
(50,5) (51,5) 108
(51,5) (50,5) 226
(51,5) (52,5) 155
(52,5) (51,5) 399
(52,5) (53,5) 238
(53,5) (52,5) 274
(53,5) (54,5) 385
(54,5) (53,5) 181
(54,5) (55,5) 222
(55,5) (54,5) 124
(55,5) (56,5) 366
(56,5) (55,5) 280
(56,5) (57,5) 343
(57,5) (56,5) 349
(57,5) (58,5) 194
(58,5) (57,5) 266
(58,5) (59,5) 283
(59,5) (58,5) 309
(59,5) (60,5) 136
(60,5) (59,5) 275
(60,5) (61,5) 264
(61,5) (60,5) 368
(61,5) (62,5) 221
(62,5) (61,5) 38
(62,5) (63,5) 329
(63,5) (62,5) 240
(63,5) (64,5) 271
(64,5) (63,5) 208
(64,5) (65,5) 361
(65,5) (64,5) 345
(65,5) (66,5) 32
(66,5) (65,5) 188
(66,5) (67,5) 258
(67,5) (66,5) 104
(67,5) (68,5) 154
(68,5) (67,5) 341
(68,5) (69,5) 339
(69,5) (68,5) 273
(69,5) (70,5) 188
(70,5) (69,5) 169
(70,5) (71,5) 17
(71,5) (70,5) 68
(71,5) (72,5) 227
(72,5) (71,5) 167
(72,5) (73,5) 260
(73,5) (72,5) 154
(73,5) (74,5) 148
(74,5) (73,5) 21
(74,5) (75,5) 338
(75,5) (74,5) 370
(75,5) (76,5) 245
(76,5) (75,5) 336
(76,5) (77,5) 105
(77,5) (76,5) 51
(77,5) (78,5) 363
(78,5) (77,5) 320
(78,5) (79,5) 6
(79,5) (78,5) 173
(79,5) (80,5) 46
(80,5) (79,5) 55
(1,6) (2,6) 3
(2,6) (1,6) 272
(2,6) (3,6) 41
(3,6) (2,6) 55
(3,6) (4,6) 252
(4,6) (3,6) 136
(4,6) (5,6) 398
(5,6) (4,6) 301
(5,6) (6,6) 210
(6,6) (5,6) 84
(6,6) (7,6) 294
(7,6) (6,6) 126
(7,6) (8,6) 89
(8,6) (7,6) 210
(8,6) (9,6) 118
(9,6) (8,6) 188
(9,6) (10,6) 44
(10,6) (9,6) 248
(10,6) (11,6) 29
(11,6) (10,6) 52
(11,6) (12,6) 288
(12,6) (11,6) 305
(12,6) (13,6) 26
(13,6) (12,6) 264
(13,6) (14,6) 198
(14,6) (13,6) 243
(14,6) (15,6) 282
(15,6) (14,6) 388
(15,6) (16,6) 74
(16,6) (15,6) 9
(16,6) (17,6) 111
(17,6) (16,6) 271
(17,6) (18,6) 249
(18,6) (17,6) 242
(18,6) (19,6) 124
(19,6) (18,6) 208
(19,6) (20,6) 63
(20,6) (19,6) 180
(20,6) (21,6) 28
(21,6) (20,6) 138
(21,6) (22,6) 382
(22,6) (21,6) 158
(22,6) (23,6) 3
(23,6) (22,6) 390
(23,6) (24,6) 59
(24,6) (23,6) 42
(24,6) (25,6) 77
(25,6) (24,6) 92
(25,6) (26,6) 370
(26,6) (25,6) 91
(26,6) (27,6) 370
(27,6) (26,6) 285
(27,6) (28,6) 73
(28,6) (27,6) 56
(28,6) (29,6) 283
(29,6) (28,6) 111
(29,6) (30,6) 18
(30,6) (29,6) 356
(30,6) (31,6) 126
(31,6) (30,6) 374
(31,6) (32,6) 299
(32,6) (31,6) 90
(32,6) (33,6) 324
(33,6) (32,6) 44
(33,6) (34,6) 143
(34,6) (33,6) 18
(34,6) (35,6) 108
(35,6) (34,6) 253
(35,6) (36,6) 15
(36,6) (35,6) 114
(36,6) (37,6) 121
(37,6) (36,6) 17
(37,6) (38,6) 363
(38,6) (37,6) 84
(38,6) (39,6) 86
(39,6) (38,6) 342
(39,6) (40,6) 186
(40,6) (39,6) 240
(40,6) (41,6) 170
(41,6) (40,6) 106
(41,6) (42,6) 362
(42,6) (41,6) 214
(42,6) (43,6) 199
(43,6) (42,6) 370
(43,6) (44,6) 97
(44,6) (43,6) 394
(44,6) (45,6) 204
(45,6) (44,6) 170
(45,6) (46,6) 146
(46,6) (45,6) 204
(46,6) (47,6) 218
(47,6) (46,6) 138
(47,6) (48,6) 155
(48,6) (47,6) 66
(48,6) (49,6) 67
(49,6) (48,6) 240
(49,6) (50,6) 138
(50,6) (49,6) 181
(50,6) (51,6) 78
(51,6) (50,6) 352
(51,6) (52,6) 128
(52,6) (51,6) 5
(52,6) (53,6) 199
(53,6) (52,6) 325
(53,6) (54,6) 78
(54,6) (53,6) 298
(54,6) (55,6) 308
(55,6) (54,6) 130
(55,6) (56,6) 60
(56,6) (55,6) 120
(56,6) (57,6) 51
(57,6) (56,6) 202
(57,6) (58,6) 345
(58,6) (57,6) 334
(58,6) (59,6) 206
(59,6) (58,6) 168
(59,6) (60,6) 76
(60,6) (59,6) 107
(60,6) (61,6) 33
(61,6) (60,6) 348
(61,6) (62,6) 232
(62,6) (61,6) 205
(62,6) (63,6) 18
(63,6) (62,6) 339
(63,6) (64,6) 383
(64,6) (63,6) 279
(64,6) (65,6) 206
(65,6) (64,6) 274
(65,6) (66,6) 93
(66,6) (65,6) 286
(66,6) (67,6) 181
(67,6) (66,6) 382
(67,6) (68,6) 53
(68,6) (67,6) 81
(68,6) (69,6) 124
(69,6) (68,6) 202
(69,6) (70,6) 346
(70,6) (69,6) 163
(70,6) (71,6) 144
(71,6) (70,6) 46
(71,6) (72,6) 371
(72,6) (71,6) 311
(72,6) (73,6) 138
(73,6) (72,6) 65
(73,6) (74,6) 81
(74,6) (73,6) 198
(74,6) (75,6) 110
(75,6) (74,6) 339
(75,6) (76,6) 317
(76,6) (75,6) 15
(76,6) (77,6) 397
(77,6) (76,6) 10
(77,6) (78,6) 346
(78,6) (77,6) 364
(78,6) (79,6) 395
(79,6) (78,6) 311
(79,6) (80,6) 42
(80,6) (79,6) 204
(1,7) (2,7) 75
(2,7) (1,7) 275
(2,7) (3,7) 157
(3,7) (2,7) 259
(3,7) (4,7) 310
(4,7) (3,7) 123
(4,7) (5,7) 68
(5,7) (4,7) 26
(5,7) (6,7) 138
(6,7) (5,7) 165
(6,7) (7,7) 307
(7,7) (6,7) 356
(7,7) (8,7) 95
(8,7) (7,7) 334
(8,7) (9,7) 52
(9,7) (8,7) 111
(9,7) (10,7) 357
(10,7) (9,7) 194
(10,7) (11,7) 184
(11,7) (10,7) 323
(11,7) (12,7) 73
(12,7) (11,7) 375
(12,7) (13,7) 73
(13,7) (12,7) 250
(13,7) (14,7) 102
(14,7) (13,7) 135
(14,7) (15,7) 300
(15,7) (14,7) 76
(15,7) (16,7) 345
(16,7) (15,7) 184
(16,7) (17,7) 146
(17,7) (16,7) 294
(17,7) (18,7) 253
(18,7) (17,7) 361
(18,7) (19,7) 13
(19,7) (18,7) 86
(19,7) (20,7) 164
(20,7) (19,7) 187
(20,7) (21,7) 383
(21,7) (20,7) 133
(21,7) (22,7) 279
(22,7) (21,7) 89
(22,7) (23,7) 349
(23,7) (22,7) 145
(23,7) (24,7) 180
(24,7) (23,7) 358
(24,7) (25,7) 307
(25,7) (24,7) 150
(25,7) (26,7) 55
(26,7) (25,7) 18
(26,7) (27,7) 322
(27,7) (26,7) 121
(27,7) (28,7) 260
(28,7) (27,7) 40
(28,7) (29,7) 36
(29,7) (28,7) 33
(29,7) (30,7) 160
(30,7) (29,7) 295
(30,7) (31,7) 64
(31,7) (30,7) 98
(31,7) (32,7) 255
(32,7) (31,7) 171
(32,7) (33,7) 281
(33,7) (32,7) 343
(33,7) (34,7) 311
(34,7) (33,7) 152
(34,7) (35,7) 241
(35,7) (34,7) 363
(35,7) (36,7) 100
(36,7) (35,7) 34
(36,7) (37,7) 282
(37,7) (36,7) 228
(37,7) (38,7) 5
(38,7) (37,7) 59
(38,7) (39,7) 29
(39,7) (38,7) 285
(39,7) (40,7) 84
(40,7) (39,7) 202
(40,7) (41,7) 196
(41,7) (40,7) 287
(41,7) (42,7) 195
(42,7) (41,7) 228
(42,7) (43,7) 225
(43,7) (42,7) 251
(43,7) (44,7) 306
(44,7) (43,7) 266
(44,7) (45,7) 306
(45,7) (44,7) 6
(45,7) (46,7) 365
(46,7) (45,7) 303
(46,7) (47,7) 364
(47,7) (46,7) 226
(47,7) (48,7) 305
(48,7) (47,7) 180
(48,7) (49,7) 20
(49,7) (48,7) 4
(49,7) (50,7) 207
(50,7) (49,7) 274
(50,7) (51,7) 189
(51,7) (50,7) 295
(51,7) (52,7) 329
(52,7) (51,7) 180
(52,7) (53,7) 27
(53,7) (52,7) 45
(53,7) (54,7) 186
(54,7) (53,7) 238
(54,7) (55,7) 342
(55,7) (54,7) 77
(55,7) (56,7) 194
(56,7) (55,7) 29
(56,7) (57,7) 314
(57,7) (56,7) 62
(57,7) (58,7) 207
(58,7) (57,7) 29
(58,7) (59,7) 251
(59,7) (58,7) 382
(59,7) (60,7) 215
(60,7) (59,7) 337
(60,7) (61,7) 390
(61,7) (60,7) 319
(61,7) (62,7) 354
(62,7) (61,7) 258
(62,7) (63,7) 19
(63,7) (62,7) 351
(63,7) (64,7) 388
(64,7) (63,7) 183
(64,7) (65,7) 23
(65,7) (64,7) 66
(65,7) (66,7) 152
(66,7) (65,7) 238
(66,7) (67,7) 181
(67,7) (66,7) 126
(67,7) (68,7) 184
(68,7) (67,7) 148
(68,7) (69,7) 20
(69,7) (68,7) 99
(69,7) (70,7) 361
(70,7) (69,7) 135
(70,7) (71,7) 188
(71,7) (70,7) 53
(71,7) (72,7) 83
(72,7) (71,7) 69
(72,7) (73,7) 26
(73,7) (72,7) 247
(73,7) (74,7) 62
(74,7) (73,7) 16
(74,7) (75,7) 52
(75,7) (74,7) 262
(75,7) (76,7) 136
(76,7) (75,7) 385
(76,7) (77,7) 198
(77,7) (76,7) 367
(77,7) (78,7) 275
(78,7) (77,7) 37
(78,7) (79,7) 58
(79,7) (78,7) 286
(79,7) (80,7) 252
(80,7) (79,7) 8
(1,8) (2,8) 69
(2,8) (1,8) 132
(2,8) (3,8) 117
(3,8) (2,8) 77
(3,8) (4,8) 206
(4,8) (3,8) 148
(4,8) (5,8) 389
(5,8) (4,8) 184
(5,8) (6,8) 107
(6,8) (5,8) 26
(6,8) (7,8) 245
(7,8) (6,8) 40
(7,8) (8,8) 36
(8,8) (7,8) 200
(8,8) (9,8) 315
(9,8) (8,8) 164
(9,8) (10,8) 56
(10,8) (9,8) 335
(10,8) (11,8) 131
(11,8) (10,8) 161
(11,8) (12,8) 334
(12,8) (11,8) 294
(12,8) (13,8) 153
(13,8) (12,8) 125
(13,8) (14,8) 340
(14,8) (13,8) 170
(14,8) (15,8) 196
(15,8) (14,8) 123
(15,8) (16,8) 67
(16,8) (15,8) 210
(16,8) (17,8) 300
(17,8) (16,8) 331
(17,8) (18,8) 36
(18,8) (17,8) 270
(18,8) (19,8) 316
(19,8) (18,8) 373
(19,8) (20,8) 203
(20,8) (19,8) 380
(20,8) (21,8) 387
(21,8) (20,8) 98
(21,8) (22,8) 65
(22,8) (21,8) 86
(22,8) (23,8) 132
(23,8) (22,8) 88
(23,8) (24,8) 129
(24,8) (23,8) 267
(24,8) (25,8) 125
(25,8) (24,8) 352
(25,8) (26,8) 360
(26,8) (25,8) 24
(26,8) (27,8) 148
(27,8) (26,8) 117
(27,8) (28,8) 351
(28,8) (27,8) 147
(28,8) (29,8) 301
(29,8) (28,8) 219
(29,8) (30,8) 388
(30,8) (29,8) 228
(30,8) (31,8) 233
(31,8) (30,8) 377
(31,8) (32,8) 228
(32,8) (31,8) 161
(32,8) (33,8) 89
(33,8) (32,8) 164
(33,8) (34,8) 358
(34,8) (33,8) 164
(34,8) (35,8) 80
(35,8) (34,8) 202
(35,8) (36,8) 49
(36,8) (35,8) 75
(36,8) (37,8) 54
(37,8) (36,8) 8
(37,8) (38,8) 13
(38,8) (37,8) 395
(38,8) (39,8) 73
(39,8) (38,8) 56
(39,8) (40,8) 199
(40,8) (39,8) 194
(40,8) (41,8) 317
(41,8) (40,8) 395
(41,8) (42,8) 318
(42,8) (41,8) 312
(42,8) (43,8) 196
(43,8) (42,8) 255
(43,8) (44,8) 106
(44,8) (43,8) 1
(44,8) (45,8) 265
(45,8) (44,8) 141
(45,8) (46,8) 252
(46,8) (45,8) 306
(46,8) (47,8) 310
(47,8) (46,8) 2
(47,8) (48,8) 48
(48,8) (47,8) 29
(48,8) (49,8) 230
(49,8) (48,8) 71
(49,8) (50,8) 224
(50,8) (49,8) 74
(50,8) (51,8) 53
(51,8) (50,8) 31
(51,8) (52,8) 18
(52,8) (51,8) 292
(52,8) (53,8) 291
(53,8) (52,8) 252
(53,8) (54,8) 226
(54,8) (53,8) 398
(54,8) (55,8) 247
(55,8) (54,8) 239
(55,8) (56,8) 266
(56,8) (55,8) 128
(56,8) (57,8) 16
(57,8) (56,8) 202
(57,8) (58,8) 61
(58,8) (57,8) 322
(58,8) (59,8) 119
(59,8) (58,8) 307
(59,8) (60,8) 147
(60,8) (59,8) 323
(60,8) (61,8) 288
(61,8) (60,8) 200
(61,8) (62,8) 382
(62,8) (61,8) 86
(62,8) (63,8) 192
(63,8) (62,8) 346
(63,8) (64,8) 156
(64,8) (63,8) 42
(64,8) (65,8) 104
(65,8) (64,8) 72
(65,8) (66,8) 117
(66,8) (65,8) 5
(66,8) (67,8) 287
(67,8) (66,8) 280
(67,8) (68,8) 244
(68,8) (67,8) 12
(68,8) (69,8) 46
(69,8) (68,8) 259
(69,8) (70,8) 323
(70,8) (69,8) 130
(70,8) (71,8) 292
(71,8) (70,8) 350
(71,8) (72,8) 143
(72,8) (71,8) 218
(72,8) (73,8) 250
(73,8) (72,8) 305
(73,8) (74,8) 266
(74,8) (73,8) 378
(74,8) (75,8) 209
(75,8) (74,8) 70
(75,8) (76,8) 351
(76,8) (75,8) 46
(76,8) (77,8) 71
(77,8) (76,8) 272
(77,8) (78,8) 368
(78,8) (77,8) 262
(78,8) (79,8) 393
(79,8) (78,8) 198
(79,8) (80,8) 395
(80,8) (79,8) 238
(1,9) (2,9) 274
(2,9) (1,9) 218
(2,9) (3,9) 395
(3,9) (2,9) 344
(3,9) (4,9) 98
(4,9) (3,9) 362
(4,9) (5,9) 171
(5,9) (4,9) 55
(5,9) (6,9) 42
(6,9) (5,9) 146
(6,9) (7,9) 341
(7,9) (6,9) 122
(7,9) (8,9) 131
(8,9) (7,9) 203
(8,9) (9,9) 329
(9,9) (8,9) 292
(9,9) (10,9) 94
(10,9) (9,9) 68
(10,9) (11,9) 281
(11,9) (10,9) 84
(11,9) (12,9) 198
(12,9) (11,9) 60
(12,9) (13,9) 193
(13,9) (12,9) 310
(13,9) (14,9) 322
(14,9) (13,9) 153
(14,9) (15,9) 356
(15,9) (14,9) 197
(15,9) (16,9) 374
(16,9) (15,9) 329
(16,9) (17,9) 353
(17,9) (16,9) 283
(17,9) (18,9) 105
(18,9) (17,9) 66
(18,9) (19,9) 340
(19,9) (18,9) 182
(19,9) (20,9) 82
(20,9) (19,9) 136
(20,9) (21,9) 345
(21,9) (20,9) 233
(21,9) (22,9) 123
(22,9) (21,9) 59
(22,9) (23,9) 396
(23,9) (22,9) 348
(23,9) (24,9) 40
(24,9) (23,9) 281
(24,9) (25,9) 60
(25,9) (24,9) 257
(25,9) (26,9) 33
(26,9) (25,9) 247
(26,9) (27,9) 158
(27,9) (26,9) 197
(27,9) (28,9) 378
(28,9) (27,9) 248
(28,9) (29,9) 205
(29,9) (28,9) 222
(29,9) (30,9) 355
(30,9) (29,9) 199
(30,9) (31,9) 158
(31,9) (30,9) 71
(31,9) (32,9) 396
(32,9) (31,9) 167
(32,9) (33,9) 114
(33,9) (32,9) 181
(33,9) (34,9) 385
(34,9) (33,9) 69
(34,9) (35,9) 69
(35,9) (34,9) 229
(35,9) (36,9) 291
(36,9) (35,9) 86
(36,9) (37,9) 292
(37,9) (36,9) 181
(37,9) (38,9) 198
(38,9) (37,9) 339
(38,9) (39,9) 299
(39,9) (38,9) 107
(39,9) (40,9) 359
(40,9) (39,9) 221
(40,9) (41,9) 204
(41,9) (40,9) 294
(41,9) (42,9) 294
(42,9) (41,9) 286
(42,9) (43,9) 44
(43,9) (42,9) 79
(43,9) (44,9) 305
(44,9) (43,9) 30
(44,9) (45,9) 311
(45,9) (44,9) 171
(45,9) (46,9) 193
(46,9) (45,9) 94
(46,9) (47,9) 132
(47,9) (46,9) 48
(47,9) (48,9) 269
(48,9) (47,9) 325
(48,9) (49,9) 259
(49,9) (48,9) 289
(49,9) (50,9) 364
(50,9) (49,9) 53
(50,9) (51,9) 66
(51,9) (50,9) 104
(51,9) (52,9) 249
(52,9) (51,9) 137
(52,9) (53,9) 143
(53,9) (52,9) 111
(53,9) (54,9) 111
(54,9) (53,9) 109
(54,9) (55,9) 8
(55,9) (54,9) 92
(55,9) (56,9) 227
(56,9) (55,9) 186
(56,9) (57,9) 190
(57,9) (56,9) 214
(57,9) (58,9) 289
(58,9) (57,9) 381
(58,9) (59,9) 168
(59,9) (58,9) 328
(59,9) (60,9) 399
(60,9) (59,9) 82
(60,9) (61,9) 116
(61,9) (60,9) 353
(61,9) (62,9) 254
(62,9) (61,9) 178
(62,9) (63,9) 152
(63,9) (62,9) 324
(63,9) (64,9) 366
(64,9) (63,9) 6
(64,9) (65,9) 247
(65,9) (64,9) 307
(65,9) (66,9) 225
(66,9) (65,9) 231
(66,9) (67,9) 367
(67,9) (66,9) 212
(67,9) (68,9) 312
(68,9) (67,9) 20
(68,9) (69,9) 398
(69,9) (68,9) 29
(69,9) (70,9) 9
(70,9) (69,9) 159
(70,9) (71,9) 373
(71,9) (70,9) 209
(71,9) (72,9) 34
(72,9) (71,9) 309
(72,9) (73,9) 5
(73,9) (72,9) 375
(73,9) (74,9) 88
(74,9) (73,9) 7
(74,9) (75,9) 166
(75,9) (74,9) 275
(75,9) (76,9) 232
(76,9) (75,9) 105
(76,9) (77,9) 167
(77,9) (76,9) 371
(77,9) (78,9) 254
(78,9) (77,9) 71
(78,9) (79,9) 255
(79,9) (78,9) 248
(79,9) (80,9) 372
(80,9) (79,9) 159
(1,10) (2,10) 18
(2,10) (1,10) 319
(2,10) (3,10) 386
(3,10) (2,10) 47
(3,10) (4,10) 255
(4,10) (3,10) 203
(4,10) (5,10) 388
(5,10) (4,10) 172
(5,10) (6,10) 230
(6,10) (5,10) 241
(6,10) (7,10) 377
(7,10) (6,10) 300
(7,10) (8,10) 135
(8,10) (7,10) 32
(8,10) (9,10) 119
(9,10) (8,10) 81
(9,10) (10,10) 373
(10,10) (9,10) 186
(10,10) (11,10) 140
(11,10) (10,10) 18
(11,10) (12,10) 26
(12,10) (11,10) 244
(12,10) (13,10) 80
(13,10) (12,10) 199
(13,10) (14,10) 100
(14,10) (13,10) 326
(14,10) (15,10) 102
(15,10) (14,10) 304
(15,10) (16,10) 29
(16,10) (15,10) 31
(16,10) (17,10) 1
(17,10) (16,10) 131
(17,10) (18,10) 104
(18,10) (17,10) 280
(18,10) (19,10) 35
(19,10) (18,10) 1
(19,10) (20,10) 135
(20,10) (19,10) 67
(20,10) (21,10) 369
(21,10) (20,10) 372
(21,10) (22,10) 378
(22,10) (21,10) 176
(22,10) (23,10) 386
(23,10) (22,10) 87
(23,10) (24,10) 258
(24,10) (23,10) 395
(24,10) (25,10) 214
(25,10) (24,10) 354
(25,10) (26,10) 243
(26,10) (25,10) 342
(26,10) (27,10) 84
(27,10) (26,10) 16
(27,10) (28,10) 168
(28,10) (27,10) 351
(28,10) (29,10) 299
(29,10) (28,10) 79
(29,10) (30,10) 48
(30,10) (29,10) 93
(30,10) (31,10) 186
(31,10) (30,10) 195
(31,10) (32,10) 54
(32,10) (31,10) 316
(32,10) (33,10) 299
(33,10) (32,10) 199
(33,10) (34,10) 398
(34,10) (33,10) 147
(34,10) (35,10) 281
(35,10) (34,10) 257
(35,10) (36,10) 203
(36,10) (35,10) 14
(36,10) (37,10) 19
(37,10) (36,10) 369
(37,10) (38,10) 334
(38,10) (37,10) 381
(38,10) (39,10) 105
(39,10) (38,10) 150
(39,10) (40,10) 57
(40,10) (39,10) 72
(40,10) (41,10) 19
(41,10) (40,10) 221
(41,10) (42,10) 354
(42,10) (41,10) 189
(42,10) (43,10) 1
(43,10) (42,10) 343
(43,10) (44,10) 227
(44,10) (43,10) 360
(44,10) (45,10) 365
(45,10) (44,10) 261
(45,10) (46,10) 94
(46,10) (45,10) 142
(46,10) (47,10) 365
(47,10) (46,10) 130
(47,10) (48,10) 221
(48,10) (47,10) 197
(48,10) (49,10) 116
(49,10) (48,10) 46
(49,10) (50,10) 135
(50,10) (49,10) 243
(50,10) (51,10) 312
(51,10) (50,10) 179
(51,10) (52,10) 79
(52,10) (51,10) 34
(52,10) (53,10) 62
(53,10) (52,10) 166
(53,10) (54,10) 119
(54,10) (53,10) 253
(54,10) (55,10) 257
(55,10) (54,10) 187
(55,10) (56,10) 130
(56,10) (55,10) 314
(56,10) (57,10) 162
(57,10) (56,10) 245
(57,10) (58,10) 22
(58,10) (57,10) 116
(58,10) (59,10) 170
(59,10) (58,10) 89
(59,10) (60,10) 352
(60,10) (59,10) 163
(60,10) (61,10) 298
(61,10) (60,10) 365
(61,10) (62,10) 194
(62,10) (61,10) 74
(62,10) (63,10) 163
(63,10) (62,10) 291
(63,10) (64,10) 183
(64,10) (63,10) 45
(64,10) (65,10) 210
(65,10) (64,10) 92
(65,10) (66,10) 184
(66,10) (65,10) 333
(66,10) (67,10) 147
(67,10) (66,10) 59
(67,10) (68,10) 327
(68,10) (67,10) 194
(68,10) (69,10) 246
(69,10) (68,10) 295
(69,10) (70,10) 103
(70,10) (69,10) 228
(70,10) (71,10) 111
(71,10) (70,10) 76
(71,10) (72,10) 63
(72,10) (71,10) 293
(72,10) (73,10) 119
(73,10) (72,10) 238
(73,10) (74,10) 4
(74,10) (73,10) 46
(74,10) (75,10) 49
(75,10) (74,10) 267
(75,10) (76,10) 275
(76,10) (75,10) 85
(76,10) (77,10) 183
(77,10) (76,10) 364
(77,10) (78,10) 32
(78,10) (77,10) 328
(78,10) (79,10) 2
(79,10) (78,10) 392
(79,10) (80,10) 328
(80,10) (79,10) 25
(1,10) t 376
(2,10) t 198
(3,10) t 339
(4,10) t 165
(5,10) t 207
(6,10) t 316
(7,10) t 246
(8,10) t 162
(9,10) t 144
(10,10) t 201
(11,10) t 261
(12,10) t 5
(13,10) t 215
(14,10) t 299
(15,10) t 261
(16,10) t 78
(17,10) t 199
(18,10) t 397
(19,10) t 126
(20,10) t 369
(21,10) t 154
(22,10) t 321
(23,10) t 112
(24,10) t 113
(25,10) t 86
(26,10) t 150
(27,10) t 205
(28,10) t 42
(29,10) t 43
(30,10) t 6
(31,10) t 356
(32,10) t 379
(33,10) t 297
(34,10) t 367
(35,10) t 334
(36,10) t 335
(37,10) t 175
(38,10) t 92
(39,10) t 17
(40,10) t 279
(41,10) t 382
(42,10) t 111
(43,10) t 370
(44,10) t 101
(45,10) t 204
(46,10) t 221
(47,10) t 231
(48,10) t 359
(49,10) t 276
(50,10) t 6
(51,10) t 90
(52,10) t 302
(53,10) t 298
(54,10) t 287
(55,10) t 186
(56,10) t 27
(57,10) t 284
(58,10) t 318
(59,10) t 172
(60,10) t 117
(61,10) t 68
(62,10) t 257
(63,10) t 399
(64,10) t 153
(65,10) t 283
(66,10) t 156
(67,10) t 60
(68,10) t 318
(69,10) t 376
(70,10) t 109
(71,10) t 380
(72,10) t 195
(73,10) t 5
(74,10) t 253
(75,10) t 307
(76,10) t 56
(77,10) t 98
(78,10) t 102
(79,10) t 155
(80,10) t 54
