s (1,1) 392
s (2,1) 40
s (3,1) 309
s (4,1) 291
s (5,1) 310
s (6,1) 352
s (7,1) 283
s (8,1) 90
s (9,1) 31
s (10,1) 383
s (11,1) 358
s (12,1) 167
s (13,1) 22
s (14,1) 92
s (15,1) 65
s (16,1) 264
s (17,1) 243
s (18,1) 69
s (19,1) 145
s (20,1) 376
s (21,1) 364
s (22,1) 399
s (23,1) 335
s (24,1) 233
s (25,1) 127
s (26,1) 286
s (27,1) 273
s (28,1) 362
s (29,1) 130
s (30,1) 28
s (31,1) 7
s (32,1) 85
s (33,1) 209
s (34,1) 330
s (35,1) 240
s (36,1) 168
s (37,1) 6
s (38,1) 65
s (39,1) 221
s (40,1) 221
s (41,1) 231
s (42,1) 51
s (43,1) 301
s (44,1) 72
s (45,1) 201
s (46,1) 227
s (47,1) 232
s (48,1) 381
s (49,1) 131
s (50,1) 78
s (51,1) 184
s (52,1) 92
s (53,1) 93
s (54,1) 180
s (55,1) 273
s (56,1) 346
s (57,1) 231
s (58,1) 151
s (59,1) 256
s (60,1) 269
s (61,1) 198
s (62,1) 271
s (63,1) 97
s (64,1) 259
s (65,1) 313
s (66,1) 359
s (67,1) 299
s (68,1) 80
s (69,1) 346
s (70,1) 263
s (71,1) 295
s (72,1) 114
s (73,1) 400
s (74,1) 127
s (75,1) 238
s (76,1) 162
s (77,1) 288
s (78,1) 29
s (79,1) 368
s (80,1) 26
s (81,1) 196
s (82,1) 380
s (83,1) 352
s (84,1) 381
s (85,1) 36
s (86,1) 121
s (87,1) 172
s (88,1) 375
s (89,1) 337
s (90,1) 67
s (91,1) 283
s (92,1) 355
s (93,1) 1
s (94,1) 30
s (95,1) 288
s (96,1) 339
s (97,1) 260
s (98,1) 291
s (99,1) 203
s (100,1) 143
s (101,1) 53
s (102,1) 56
s (103,1) 158
s (104,1) 381
s (105,1) 284
s (106,1) 71
s (107,1) 332
s (108,1) 9
s (109,1) 224
s (110,1) 62
s (111,1) 205
s (112,1) 241
s (113,1) 266
s (114,1) 387
s (115,1) 111
s (116,1) 192
s (117,1) 52
s (118,1) 226
s (119,1) 103
s (120,1) 133
s (121,1) 400
s (122,1) 372
s (123,1) 165
s (124,1) 239
s (125,1) 310
s (126,1) 237
s (127,1) 5
s (128,1) 295
s (129,1) 277
s (130,1) 131
s (131,1) 370
s (132,1) 170
s (133,1) 171
s (134,1) 294
s (135,1) 101
s (136,1) 210
s (137,1) 384
s (138,1) 160
s (139,1) 203
s (140,1) 160
s (141,1) 316
s (142,1) 186
s (143,1) 372
s (144,1) 199
s (145,1) 248
s (146,1) 280
s (147,1) 24
s (148,1) 40
s (149,1) 178
s (150,1) 98
s (151,1) 116
s (152,1) 262
s (153,1) 314
s (154,1) 320
s (155,1) 258
s (156,1) 85
s (157,1) 137
s (158,1) 114
s (159,1) 103
s (160,1) 340
(1,1) (1,2) 370
(2,1) (2,2) 89
(3,1) (3,2) 229
(4,1) (4,2) 180
(5,1) (5,2) 384
(6,1) (6,2) 309
(7,1) (7,2) 177
(8,1) (8,2) 196
(9,1) (9,2) 47
(10,1) (10,2) 396
(11,1) (11,2) 127
(12,1) (12,2) 203
(13,1) (13,2) 311
(14,1) (14,2) 132
(15,1) (15,2) 137
(16,1) (16,2) 385
(17,1) (17,2) 67
(18,1) (18,2) 13
(19,1) (19,2) 255
(20,1) (20,2) 41
(21,1) (21,2) 288
(22,1) (22,2) 302
(23,1) (23,2) 152
(24,1) (24,2) 79
(25,1) (25,2) 193
(26,1) (26,2) 10
(27,1) (27,2) 390
(28,1) (28,2) 378
(29,1) (29,2) 383
(30,1) (30,2) 351
(31,1) (31,2) 247
(32,1) (32,2) 31
(33,1) (33,2) 397
(34,1) (34,2) 283
(35,1) (35,2) 232
(36,1) (36,2) 18
(37,1) (37,2) 121
(38,1) (38,2) 315
(39,1) (39,2) 277
(40,1) (40,2) 313
(41,1) (41,2) 271
(42,1) (42,2) 369
(43,1) (43,2) 220
(44,1) (44,2) 30
(45,1) (45,2) 8
(46,1) (46,2) 193
(47,1) (47,2) 335
(48,1) (48,2) 49
(49,1) (49,2) 351
(50,1) (50,2) 56
(51,1) (51,2) 167
(52,1) (52,2) 296
(53,1) (53,2) 148
(54,1) (54,2) 298
(55,1) (55,2) 278
(56,1) (56,2) 340
(57,1) (57,2) 186
(58,1) (58,2) 182
(59,1) (59,2) 133
(60,1) (60,2) 82
(61,1) (61,2) 75
(62,1) (62,2) 24
(63,1) (63,2) 300
(64,1) (64,2) 282
(65,1) (65,2) 187
(66,1) (66,2) 268
(67,1) (67,2) 16
(68,1) (68,2) 295
(69,1) (69,2) 185
(70,1) (70,2) 74
(71,1) (71,2) 326
(72,1) (72,2) 163
(73,1) (73,2) 210
(74,1) (74,2) 290
(75,1) (75,2) 198
(76,1) (76,2) 95
(77,1) (77,2) 208
(78,1) (78,2) 84
(79,1) (79,2) 139
(80,1) (80,2) 172
(81,1) (81,2) 160
(82,1) (82,2) 28
(83,1) (83,2) 38
(84,1) (84,2) 217
(85,1) (85,2) 385
(86,1) (86,2) 57
(87,1) (87,2) 34
(88,1) (88,2) 169
(89,1) (89,2) 8
(90,1) (90,2) 393
(91,1) (91,2) 227
(92,1) (92,2) 336
(93,1) (93,2) 225
(94,1) (94,2) 211
(95,1) (95,2) 216
(96,1) (96,2) 378
(97,1) (97,2) 16
(98,1) (98,2) 32
(99,1) (99,2) 367
(100,1) (100,2) 392
(101,1) (101,2) 37
(102,1) (102,2) 278
(103,1) (103,2) 343
(104,1) (104,2) 263
(105,1) (105,2) 253
(106,1) (106,2) 163
(107,1) (107,2) 225
(108,1) (108,2) 159
(109,1) (109,2) 165
(110,1) (110,2) 130
(111,1) (111,2) 208
(112,1) (112,2) 38
(113,1) (113,2) 154
(114,1) (114,2) 253
(115,1) (115,2) 47
(116,1) (116,2) 78
(117,1) (117,2) 284
(118,1) (118,2) 272
(119,1) (119,2) 353
(120,1) (120,2) 18
(121,1) (121,2) 353
(122,1) (122,2) 197
(123,1) (123,2) 100
(124,1) (124,2) 200
(125,1) (125,2) 389
(126,1) (126,2) 66
(127,1) (127,2) 367
(128,1) (128,2) 386
(129,1) (129,2) 351
(130,1) (130,2) 91
(131,1) (131,2) 234
(132,1) (132,2) 23
(133,1) (133,2) 239
(134,1) (134,2) 372
(135,1) (135,2) 109
(136,1) (136,2) 362
(137,1) (137,2) 164
(138,1) (138,2) 392
(139,1) (139,2) 97
(140,1) (140,2) 68
(141,1) (141,2) 362
(142,1) (142,2) 191
(143,1) (143,2) 274
(144,1) (144,2) 131
(145,1) (145,2) 272
(146,1) (146,2) 399
(147,1) (147,2) 166
(148,1) (148,2) 205
(149,1) (149,2) 40
(150,1) (150,2) 274
(151,1) (151,2) 247
(152,1) (152,2) 130
(153,1) (153,2) 23
(154,1) (154,2) 128
(155,1) (155,2) 124
(156,1) (156,2) 110
(157,1) (157,2) 268
(158,1) (158,2) 313
(159,1) (159,2) 390
(160,1) (160,2) 312
(1,2) (1,3) 381
(2,2) (2,3) 385
(3,2) (3,3) 6
(4,2) (4,3) 91
(5,2) (5,3) 13
(6,2) (6,3) 152
(7,2) (7,3) 252
(8,2) (8,3) 286
(9,2) (9,3) 123
(10,2) (10,3) 117
(11,2) (11,3) 250
(12,2) (12,3) 81
(13,2) (13,3) 52
(14,2) (14,3) 382
(15,2) (15,3) 119
(16,2) (16,3) 278
(17,2) (17,3) 279
(18,2) (18,3) 103
(19,2) (19,3) 319
(20,2) (20,3) 282
(21,2) (21,3) 265
(22,2) (22,3) 53
(23,2) (23,3) 7
(24,2) (24,3) 399
(25,2) (25,3) 95
(26,2) (26,3) 157
(27,2) (27,3) 127
(28,2) (28,3) 39
(29,2) (29,3) 25
(30,2) (30,3) 205
(31,2) (31,3) 48
(32,2) (32,3) 175
(33,2) (33,3) 127
(34,2) (34,3) 279
(35,2) (35,3) 117
(36,2) (36,3) 374
(37,2) (37,3) 98
(38,2) (38,3) 134
(39,2) (39,3) 295
(40,2) (40,3) 120
(41,2) (41,3) 5
(42,2) (42,3) 46
(43,2) (43,3) 208
(44,2) (44,3) 283
(45,2) (45,3) 101
(46,2) (46,3) 100
(47,2) (47,3) 224
(48,2) (48,3) 389
(49,2) (49,3) 83
(50,2) (50,3) 231
(51,2) (51,3) 206
(52,2) (52,3) 40
(53,2) (53,3) 275
(54,2) (54,3) 42
(55,2) (55,3) 70
(56,2) (56,3) 11
(57,2) (57,3) 205
(58,2) (58,3) 176
(59,2) (59,3) 97
(60,2) (60,3) 87
(61,2) (61,3) 96
(62,2) (62,3) 130
(63,2) (63,3) 386
(64,2) (64,3) 315
(65,2) (65,3) 182
(66,2) (66,3) 15
(67,2) (67,3) 189
(68,2) (68,3) 252
(69,2) (69,3) 179
(70,2) (70,3) 385
(71,2) (71,3) 322
(72,2) (72,3) 76
(73,2) (73,3) 391
(74,2) (74,3) 296
(75,2) (75,3) 311
(76,2) (76,3) 277
(77,2) (77,3) 19
(78,2) (78,3) 309
(79,2) (79,3) 388
(80,2) (80,3) 211
(81,2) (81,3) 72
(82,2) (82,3) 245
(83,2) (83,3) 295
(84,2) (84,3) 283
(85,2) (85,3) 43
(86,2) (86,3) 296
(87,2) (87,3) 215
(88,2) (88,3) 396
(89,2) (89,3) 148
(90,2) (90,3) 349
(91,2) (91,3) 22
(92,2) (92,3) 49
(93,2) (93,3) 262
(94,2) (94,3) 396
(95,2) (95,3) 240
(96,2) (96,3) 111
(97,2) (97,3) 345
(98,2) (98,3) 159
(99,2) (99,3) 128
(100,2) (100,3) 49
(101,2) (101,3) 115
(102,2) (102,3) 30
(103,2) (103,3) 386
(104,2) (104,3) 78
(105,2) (105,3) 69
(106,2) (106,3) 150
(107,2) (107,3) 35
(108,2) (108,3) 36
(109,2) (109,3) 145
(110,2) (110,3) 245
(111,2) (111,3) 132
(112,2) (112,3) 243
(113,2) (113,3) 266
(114,2) (114,3) 388
(115,2) (115,3) 222
(116,2) (116,3) 136
(117,2) (117,3) 180
(118,2) (118,3) 385
(119,2) (119,3) 207
(120,2) (120,3) 164
(121,2) (121,3) 234
(122,2) (122,3) 232
(123,2) (123,3) 2
(124,2) (124,3) 233
(125,2) (125,3) 318
(126,2) (126,3) 14
(127,2) (127,3) 77
(128,2) (128,3) 353
(129,2) (129,3) 10
(130,2) (130,3) 26
(131,2) (131,3) 180
(132,2) (132,3) 282
(133,2) (133,3) 182
(134,2) (134,3) 272
(135,2) (135,3) 267
(136,2) (136,3) 2
(137,2) (137,3) 371
(138,2) (138,3) 315
(139,2) (139,3) 376
(140,2) (140,3) 138
(141,2) (141,3) 292
(142,2) (142,3) 103
(143,2) (143,3) 39
(144,2) (144,3) 282
(145,2) (145,3) 300
(146,2) (146,3) 184
(147,2) (147,3) 55
(148,2) (148,3) 210
(149,2) (149,3) 82
(150,2) (150,3) 90
(151,2) (151,3) 177
(152,2) (152,3) 88
(153,2) (153,3) 177
(154,2) (154,3) 374
(155,2) (155,3) 121
(156,2) (156,3) 3
(157,2) (157,3) 204
(158,2) (158,3) 205
(159,2) (159,3) 318
(160,2) (160,3) 51
(1,3) (1,4) 319
(2,3) (2,4) 116
(3,3) (3,4) 331
(4,3) (4,4) 186
(5,3) (5,4) 176
(6,3) (6,4) 28
(7,3) (7,4) 208
(8,3) (8,4) 171
(9,3) (9,4) 356
(10,3) (10,4) 349
(11,3) (11,4) 282
(12,3) (12,4) 270
(13,3) (13,4) 319
(14,3) (14,4) 255
(15,3) (15,4) 95
(16,3) (16,4) 205
(17,3) (17,4) 3
(18,3) (18,4) 101
(19,3) (19,4) 278
(20,3) (20,4) 334
(21,3) (21,4) 201
(22,3) (22,4) 102
(23,3) (23,4) 258
(24,3) (24,4) 93
(25,3) (25,4) 398
(26,3) (26,4) 73
(27,3) (27,4) 240
(28,3) (28,4) 260
(29,3) (29,4) 324
(30,3) (30,4) 108
(31,3) (31,4) 166
(32,3) (32,4) 10
(33,3) (33,4) 170
(34,3) (34,4) 353
(35,3) (35,4) 155
(36,3) (36,4) 294
(37,3) (37,4) 326
(38,3) (38,4) 390
(39,3) (39,4) 277
(40,3) (40,4) 319
(41,3) (41,4) 366
(42,3) (42,4) 336
(43,3) (43,4) 270
(44,3) (44,4) 146
(45,3) (45,4) 214
(46,3) (46,4) 275
(47,3) (47,4) 240
(48,3) (48,4) 46
(49,3) (49,4) 275
(50,3) (50,4) 80
(51,3) (51,4) 191
(52,3) (52,4) 319
(53,3) (53,4) 46
(54,3) (54,4) 331
(55,3) (55,4) 390
(56,3) (56,4) 309
(57,3) (57,4) 324
(58,3) (58,4) 71
(59,3) (59,4) 281
(60,3) (60,4) 304
(61,3) (61,4) 139
(62,3) (62,4) 209
(63,3) (63,4) 25
(64,3) (64,4) 298
(65,3) (65,4) 63
(66,3) (66,4) 374
(67,3) (67,4) 279
(68,3) (68,4) 353
(69,3) (69,4) 11
(70,3) (70,4) 50
(71,3) (71,4) 160
(72,3) (72,4) 32
(73,3) (73,4) 83
(74,3) (74,4) 166
(75,3) (75,4) 214
(76,3) (76,4) 218
(77,3) (77,4) 45
(78,3) (78,4) 53
(79,3) (79,4) 287
(80,3) (80,4) 146
(81,3) (81,4) 208
(82,3) (82,4) 331
(83,3) (83,4) 54
(84,3) (84,4) 329
(85,3) (85,4) 244
(86,3) (86,4) 218
(87,3) (87,4) 96
(88,3) (88,4) 213
(89,3) (89,4) 137
(90,3) (90,4) 211
(91,3) (91,4) 297
(92,3) (92,4) 138
(93,3) (93,4) 292
(94,3) (94,4) 270
(95,3) (95,4) 333
(96,3) (96,4) 119
(97,3) (97,4) 100
(98,3) (98,4) 165
(99,3) (99,4) 130
(100,3) (100,4) 128
(101,3) (101,4) 243
(102,3) (102,4) 291
(103,3) (103,4) 386
(104,3) (104,4) 196
(105,3) (105,4) 72
(106,3) (106,4) 4
(107,3) (107,4) 119
(108,3) (108,4) 42
(109,3) (109,4) 217
(110,3) (110,4) 25
(111,3) (111,4) 335
(112,3) (112,4) 269
(113,3) (113,4) 189
(114,3) (114,4) 188
(115,3) (115,4) 335
(116,3) (116,4) 337
(117,3) (117,4) 79
(118,3) (118,4) 106
(119,3) (119,4) 324
(120,3) (120,4) 176
(121,3) (121,4) 271
(122,3) (122,4) 209
(123,3) (123,4) 196
(124,3) (124,4) 262
(125,3) (125,4) 99
(126,3) (126,4) 391
(127,3) (127,4) 67
(128,3) (128,4) 85
(129,3) (129,4) 75
(130,3) (130,4) 372
(131,3) (131,4) 258
(132,3) (132,4) 6
(133,3) (133,4) 258
(134,3) (134,4) 350
(135,3) (135,4) 130
(136,3) (136,4) 93
(137,3) (137,4) 96
(138,3) (138,4) 271
(139,3) (139,4) 198
(140,3) (140,4) 327
(141,3) (141,4) 12
(142,3) (142,4) 341
(143,3) (143,4) 277
(144,3) (144,4) 227
(145,3) (145,4) 367
(146,3) (146,4) 390
(147,3) (147,4) 271
(148,3) (148,4) 282
(149,3) (149,4) 52
(150,3) (150,4) 61
(151,3) (151,4) 151
(152,3) (152,4) 380
(153,3) (153,4) 315
(154,3) (154,4) 117
(155,3) (155,4) 63
(156,3) (156,4) 185
(157,3) (157,4) 349
(158,3) (158,4) 257
(159,3) (159,4) 386
(160,3) (160,4) 184
(1,4) (1,5) 281
(2,4) (2,5) 230
(3,4) (3,5) 330
(4,4) (4,5) 39
(5,4) (5,5) 61
(6,4) (6,5) 102
(7,4) (7,5) 337
(8,4) (8,5) 256
(9,4) (9,5) 49
(10,4) (10,5) 74
(11,4) (11,5) 37
(12,4) (12,5) 149
(13,4) (13,5) 285
(14,4) (14,5) 379
(15,4) (15,5) 325
(16,4) (16,5) 360
(17,4) (17,5) 346
(18,4) (18,5) 365
(19,4) (19,5) 392
(20,4) (20,5) 281
(21,4) (21,5) 166
(22,4) (22,5) 248
(23,4) (23,5) 173
(24,4) (24,5) 364
(25,4) (25,5) 305
(26,4) (26,5) 36
(27,4) (27,5) 12
(28,4) (28,5) 86
(29,4) (29,5) 389
(30,4) (30,5) 272
(31,4) (31,5) 75
(32,4) (32,5) 308
(33,4) (33,5) 130
(34,4) (34,5) 223
(35,4) (35,5) 205
(36,4) (36,5) 216
(37,4) (37,5) 391
(38,4) (38,5) 304
(39,4) (39,5) 6
(40,4) (40,5) 1
(41,4) (41,5) 141
(42,4) (42,5) 25
(43,4) (43,5) 153
(44,4) (44,5) 390
(45,4) (45,5) 365
(46,4) (46,5) 367
(47,4) (47,5) 130
(48,4) (48,5) 303
(49,4) (49,5) 34
(50,4) (50,5) 85
(51,4) (51,5) 175
(52,4) (52,5) 161
(53,4) (53,5) 377
(54,4) (54,5) 78
(55,4) (55,5) 73
(56,4) (56,5) 323
(57,4) (57,5) 37
(58,4) (58,5) 160
(59,4) (59,5) 113
(60,4) (60,5) 257
(61,4) (61,5) 271
(62,4) (62,5) 231
(63,4) (63,5) 133
(64,4) (64,5) 333
(65,4) (65,5) 170
(66,4) (66,5) 35
(67,4) (67,5) 193
(68,4) (68,5) 252
(69,4) (69,5) 36
(70,4) (70,5) 112
(71,4) (71,5) 258
(72,4) (72,5) 324
(73,4) (73,5) 201
(74,4) (74,5) 272
(75,4) (75,5) 231
(76,4) (76,5) 112
(77,4) (77,5) 98
(78,4) (78,5) 311
(79,4) (79,5) 400
(80,4) (80,5) 190
(81,4) (81,5) 379
(82,4) (82,5) 386
(83,4) (83,5) 232
(84,4) (84,5) 214
(85,4) (85,5) 177
(86,4) (86,5) 36
(87,4) (87,5) 63
(88,4) (88,5) 55
(89,4) (89,5) 250
(90,4) (90,5) 95
(91,4) (91,5) 320
(92,4) (92,5) 287
(93,4) (93,5) 15
(94,4) (94,5) 284
(95,4) (95,5) 322
(96,4) (96,5) 230
(97,4) (97,5) 52
(98,4) (98,5) 359
(99,4) (99,5) 377
(100,4) (100,5) 344
(101,4) (101,5) 313
(102,4) (102,5) 313
(103,4) (103,5) 380
(104,4) (104,5) 61
(105,4) (105,5) 297
(106,4) (106,5) 243
(107,4) (107,5) 273
(108,4) (108,5) 183
(109,4) (109,5) 31
(110,4) (110,5) 293
(111,4) (111,5) 37
(112,4) (112,5) 296
(113,4) (113,5) 296
(114,4) (114,5) 360
(115,4) (115,5) 200
(116,4) (116,5) 45
(117,4) (117,5) 35
(118,4) (118,5) 286
(119,4) (119,5) 36
(120,4) (120,5) 90
(121,4) (121,5) 293
(122,4) (122,5) 388
(123,4) (123,5) 94
(124,4) (124,5) 163
(125,4) (125,5) 58
(126,4) (126,5) 368
(127,4) (127,5) 198
(128,4) (128,5) 261
(129,4) (129,5) 326
(130,4) (130,5) 93
(131,4) (131,5) 217
(132,4) (132,5) 335
(133,4) (133,5) 105
(134,4) (134,5) 289
(135,4) (135,5) 262
(136,4) (136,5) 144
(137,4) (137,5) 160
(138,4) (138,5) 391
(139,4) (139,5) 125
(140,4) (140,5) 238
(141,4) (141,5) 376
(142,4) (142,5) 61
(143,4) (143,5) 66
(144,4) (144,5) 208
(145,4) (145,5) 158
(146,4) (146,5) 188
(147,4) (147,5) 1
(148,4) (148,5) 185
(149,4) (149,5) 322
(150,4) (150,5) 223
(151,4) (151,5) 380
(152,4) (152,5) 226
(153,4) (153,5) 362
(154,4) (154,5) 147
(155,4) (155,5) 240
(156,4) (156,5) 386
(157,4) (157,5) 259
(158,4) (158,5) 10
(159,4) (159,5) 262
(160,4) (160,5) 188
(1,5) (1,6) 18
(2,5) (2,6) 315
(3,5) (3,6) 85
(4,5) (4,6) 53
(5,5) (5,6) 8
(6,5) (6,6) 265
(7,5) (7,6) 36
(8,5) (8,6) 225
(9,5) (9,6) 132
(10,5) (10,6) 302
(11,5) (11,6) 333
(12,5) (12,6) 217
(13,5) (13,6) 338
(14,5) (14,6) 277
(15,5) (15,6) 349
(16,5) (16,6) 11
(17,5) (17,6) 145
(18,5) (18,6) 369
(19,5) (19,6) 121
(20,5) (20,6) 239
(21,5) (21,6) 354
(22,5) (22,6) 124
(23,5) (23,6) 74
(24,5) (24,6) 209
(25,5) (25,6) 61
(26,5) (26,6) 352
(27,5) (27,6) 89
(28,5) (28,6) 335
(29,5) (29,6) 14
(30,5) (30,6) 28
(31,5) (31,6) 181
(32,5) (32,6) 16
(33,5) (33,6) 284
(34,5) (34,6) 132
(35,5) (35,6) 129
(36,5) (36,6) 319
(37,5) (37,6) 138
(38,5) (38,6) 328
(39,5) (39,6) 91
(40,5) (40,6) 4
(41,5) (41,6) 55
(42,5) (42,6) 174
(43,5) (43,6) 135
(44,5) (44,6) 221
(45,5) (45,6) 48
(46,5) (46,6) 142
(47,5) (47,6) 346
(48,5) (48,6) 382
(49,5) (49,6) 181
(50,5) (50,6) 43
(51,5) (51,6) 338
(52,5) (52,6) 18
(53,5) (53,6) 56
(54,5) (54,6) 73
(55,5) (55,6) 387
(56,5) (56,6) 92
(57,5) (57,6) 193
(58,5) (58,6) 319
(59,5) (59,6) 92
(60,5) (60,6) 255
(61,5) (61,6) 271
(62,5) (62,6) 299
(63,5) (63,6) 184
(64,5) (64,6) 70
(65,5) (65,6) 106
(66,5) (66,6) 108
(67,5) (67,6) 49
(68,5) (68,6) 160
(69,5) (69,6) 52
(70,5) (70,6) 256
(71,5) (71,6) 63
(72,5) (72,6) 252
(73,5) (73,6) 254
(74,5) (74,6) 378
(75,5) (75,6) 189
(76,5) (76,6) 125
(77,5) (77,6) 278
(78,5) (78,6) 319
(79,5) (79,6) 140
(80,5) (80,6) 139
(81,5) (81,6) 269
(82,5) (82,6) 142
(83,5) (83,6) 385
(84,5) (84,6) 390
(85,5) (85,6) 199
(86,5) (86,6) 218
(87,5) (87,6) 362
(88,5) (88,6) 167
(89,5) (89,6) 268
(90,5) (90,6) 213
(91,5) (91,6) 159
(92,5) (92,6) 100
(93,5) (93,6) 299
(94,5) (94,6) 346
(95,5) (95,6) 243
(96,5) (96,6) 16
(97,5) (97,6) 350
(98,5) (98,6) 119
(99,5) (99,6) 361
(100,5) (100,6) 397
(101,5) (101,6) 169
(102,5) (102,6) 213
(103,5) (103,6) 355
(104,5) (104,6) 223
(105,5) (105,6) 108
(106,5) (106,6) 198
(107,5) (107,6) 21
(108,5) (108,6) 398
(109,5) (109,6) 312
(110,5) (110,6) 26
(111,5) (111,6) 24
(112,5) (112,6) 231
(113,5) (113,6) 14
(114,5) (114,6) 286
(115,5) (115,6) 363
(116,5) (116,6) 272
(117,5) (117,6) 355
(118,5) (118,6) 306
(119,5) (119,6) 388
(120,5) (120,6) 6
(121,5) (121,6) 400
(122,5) (122,6) 196
(123,5) (123,6) 116
(124,5) (124,6) 37
(125,5) (125,6) 309
(126,5) (126,6) 126
(127,5) (127,6) 9
(128,5) (128,6) 355
(129,5) (129,6) 333
(130,5) (130,6) 185
(131,5) (131,6) 349
(132,5) (132,6) 105
(133,5) (133,6) 205
(134,5) (134,6) 333
(135,5) (135,6) 235
(136,5) (136,6) 175
(137,5) (137,6) 343
(138,5) (138,6) 230
(139,5) (139,6) 177
(140,5) (140,6) 67
(141,5) (141,6) 187
(142,5) (142,6) 276
(143,5) (143,6) 1
(144,5) (144,6) 150
(145,5) (145,6) 348
(146,5) (146,6) 175
(147,5) (147,6) 258
(148,5) (148,6) 387
(149,5) (149,6) 144
(150,5) (150,6) 309
(151,5) (151,6) 276
(152,5) (152,6) 237
(153,5) (153,6) 162
(154,5) (154,6) 386
(155,5) (155,6) 97
(156,5) (156,6) 147
(157,5) (157,6) 178
(158,5) (158,6) 187
(159,5) (159,6) 286
(160,5) (160,6) 99
(1,6) (1,7) 395
(2,6) (2,7) 183
(3,6) (3,7) 257
(4,6) (4,7) 121
(5,6) (5,7) 373
(6,6) (6,7) 234
(7,6) (7,7) 284
(8,6) (8,7) 305
(9,6) (9,7) 33
(10,6) (10,7) 79
(11,6) (11,7) 135
(12,6) (12,7) 161
(13,6) (13,7) 290
(14,6) (14,7) 273
(15,6) (15,7) 236
(16,6) (16,7) 156
(17,6) (17,7) 91
(18,6) (18,7) 118
(19,6) (19,7) 364
(20,6) (20,7) 212
(21,6) (21,7) 163
(22,6) (22,7) 361
(23,6) (23,7) 223
(24,6) (24,7) 127
(25,6) (25,7) 85
(26,6) (26,7) 194
(27,6) (27,7) 201
(28,6) (28,7) 69
(29,6) (29,7) 324
(30,6) (30,7) 228
(31,6) (31,7) 71
(32,6) (32,7) 259
(33,6) (33,7) 172
(34,6) (34,7) 83
(35,6) (35,7) 9
(36,6) (36,7) 191
(37,6) (37,7) 388
(38,6) (38,7) 48
(39,6) (39,7) 42
(40,6) (40,7) 185
(41,6) (41,7) 127
(42,6) (42,7) 67
(43,6) (43,7) 74
(44,6) (44,7) 138
(45,6) (45,7) 337
(46,6) (46,7) 180
(47,6) (47,7) 189
(48,6) (48,7) 364
(49,6) (49,7) 319
(50,6) (50,7) 390
(51,6) (51,7) 12
(52,6) (52,7) 102
(53,6) (53,7) 31
(54,6) (54,7) 352
(55,6) (55,7) 9
(56,6) (56,7) 386
(57,6) (57,7) 111
(58,6) (58,7) 280
(59,6) (59,7) 255
(60,6) (60,7) 316
(61,6) (61,7) 49
(62,6) (62,7) 94
(63,6) (63,7) 376
(64,6) (64,7) 73
(65,6) (65,7) 180
(66,6) (66,7) 163
(67,6) (67,7) 105
(68,6) (68,7) 370
(69,6) (69,7) 222
(70,6) (70,7) 69
(71,6) (71,7) 152
(72,6) (72,7) 156
(73,6) (73,7) 69
(74,6) (74,7) 264
(75,6) (75,7) 398
(76,6) (76,7) 277
(77,6) (77,7) 109
(78,6) (78,7) 386
(79,6) (79,7) 326
(80,6) (80,7) 140
(81,6) (81,7) 43
(82,6) (82,7) 146
(83,6) (83,7) 213
(84,6) (84,7) 237
(85,6) (85,7) 328
(86,6) (86,7) 366
(87,6) (87,7) 100
(88,6) (88,7) 153
(89,6) (89,7) 242
(90,6) (90,7) 329
(91,6) (91,7) 233
(92,6) (92,7) 78
(93,6) (93,7) 364
(94,6) (94,7) 45
(95,6) (95,7) 356
(96,6) (96,7) 200
(97,6) (97,7) 262
(98,6) (98,7) 202
(99,6) (99,7) 229
(100,6) (100,7) 35
(101,6) (101,7) 391
(102,6) (102,7) 219
(103,6) (103,7) 187
(104,6) (104,7) 332
(105,6) (105,7) 342
(106,6) (106,7) 305
(107,6) (107,7) 22
(108,6) (108,7) 227
(109,6) (109,7) 345
(110,6) (110,7) 14
(111,6) (111,7) 238
(112,6) (112,7) 127
(113,6) (113,7) 244
(114,6) (114,7) 176
(115,6) (115,7) 93
(116,6) (116,7) 158
(117,6) (117,7) 67
(118,6) (118,7) 105
(119,6) (119,7) 87
(120,6) (120,7) 279
(121,6) (121,7) 147
(122,6) (122,7) 103
(123,6) (123,7) 202
(124,6) (124,7) 126
(125,6) (125,7) 74
(126,6) (126,7) 228
(127,6) (127,7) 336
(128,6) (128,7) 99
(129,6) (129,7) 327
(130,6) (130,7) 252
(131,6) (131,7) 225
(132,6) (132,7) 232
(133,6) (133,7) 132
(134,6) (134,7) 278
(135,6) (135,7) 102
(136,6) (136,7) 253
(137,6) (137,7) 280
(138,6) (138,7) 82
(139,6) (139,7) 120
(140,6) (140,7) 122
(141,6) (141,7) 73
(142,6) (142,7) 285
(143,6) (143,7) 167
(144,6) (144,7) 104
(145,6) (145,7) 270
(146,6) (146,7) 228
(147,6) (147,7) 86
(148,6) (148,7) 76
(149,6) (149,7) 131
(150,6) (150,7) 275
(151,6) (151,7) 20
(152,6) (152,7) 209
(153,6) (153,7) 358
(154,6) (154,7) 360
(155,6) (155,7) 166
(156,6) (156,7) 177
(157,6) (157,7) 334
(158,6) (158,7) 24
(159,6) (159,7) 239
(160,6) (160,7) 272
(1,7) (1,8) 155
(2,7) (2,8) 285
(3,7) (3,8) 33
(4,7) (4,8) 21
(5,7) (5,8) 248
(6,7) (6,8) 348
(7,7) (7,8) 109
(8,7) (8,8) 69
(9,7) (9,8) 29
(10,7) (10,8) 47
(11,7) (11,8) 167
(12,7) (12,8) 318
(13,7) (13,8) 33
(14,7) (14,8) 275
(15,7) (15,8) 293
(16,7) (16,8) 301
(17,7) (17,8) 109
(18,7) (18,8) 192
(19,7) (19,8) 358
(20,7) (20,8) 108
(21,7) (21,8) 92
(22,7) (22,8) 16
(23,7) (23,8) 223
(24,7) (24,8) 204
(25,7) (25,8) 126
(26,7) (26,8) 190
(27,7) (27,8) 81
(28,7) (28,8) 266
(29,7) (29,8) 28
(30,7) (30,8) 93
(31,7) (31,8) 102
(32,7) (32,8) 49
(33,7) (33,8) 309
(34,7) (34,8) 322
(35,7) (35,8) 330
(36,7) (36,8) 45
(37,7) (37,8) 103
(38,7) (38,8) 63
(39,7) (39,8) 390
(40,7) (40,8) 39
(41,7) (41,8) 282
(42,7) (42,8) 204
(43,7) (43,8) 7
(44,7) (44,8) 242
(45,7) (45,8) 134
(46,7) (46,8) 228
(47,7) (47,8) 141
(48,7) (48,8) 128
(49,7) (49,8) 84
(50,7) (50,8) 169
(51,7) (51,8) 288
(52,7) (52,8) 145
(53,7) (53,8) 146
(54,7) (54,8) 165
(55,7) (55,8) 77
(56,7) (56,8) 154
(57,7) (57,8) 80
(58,7) (58,8) 191
(59,7) (59,8) 174
(60,7) (60,8) 382
(61,7) (61,8) 328
(62,7) (62,8) 390
(63,7) (63,8) 152
(64,7) (64,8) 380
(65,7) (65,8) 203
(66,7) (66,8) 125
(67,7) (67,8) 126
(68,7) (68,8) 372
(69,7) (69,8) 149
(70,7) (70,8) 227
(71,7) (71,8) 195
(72,7) (72,8) 87
(73,7) (73,8) 370
(74,7) (74,8) 334
(75,7) (75,8) 60
(76,7) (76,8) 138
(77,7) (77,8) 315
(78,7) (78,8) 115
(79,7) (79,8) 387
(80,7) (80,8) 166
(81,7) (81,8) 313
(82,7) (82,8) 228
(83,7) (83,8) 56
(84,7) (84,8) 160
(85,7) (85,8) 218
(86,7) (86,8) 38
(87,7) (87,8) 210
(88,7) (88,8) 304
(89,7) (89,8) 16
(90,7) (90,8) 382
(91,7) (91,8) 99
(92,7) (92,8) 176
(93,7) (93,8) 343
(94,7) (94,8) 392
(95,7) (95,8) 330
(96,7) (96,8) 275
(97,7) (97,8) 15
(98,7) (98,8) 196
(99,7) (99,8) 194
(100,7) (100,8) 95
(101,7) (101,8) 135
(102,7) (102,8) 381
(103,7) (103,8) 200
(104,7) (104,8) 120
(105,7) (105,8) 267
(106,7) (106,8) 263
(107,7) (107,8) 106
(108,7) (108,8) 155
(109,7) (109,8) 180
(110,7) (110,8) 149
(111,7) (111,8) 186
(112,7) (112,8) 35
(113,7) (113,8) 78
(114,7) (114,8) 4
(115,7) (115,8) 258
(116,7) (116,8) 268
(117,7) (117,8) 343
(118,7) (118,8) 151
(119,7) (119,8) 369
(120,7) (120,8) 98
(121,7) (121,8) 162
(122,7) (122,8) 335
(123,7) (123,8) 51
(124,7) (124,8) 292
(125,7) (125,8) 267
(126,7) (126,8) 279
(127,7) (127,8) 255
(128,7) (128,8) 395
(129,7) (129,8) 374
(130,7) (130,8) 314
(131,7) (131,8) 26
(132,7) (132,8) 145
(133,7) (133,8) 144
(134,7) (134,8) 321
(135,7) (135,8) 122
(136,7) (136,8) 192
(137,7) (137,8) 263
(138,7) (138,8) 45
(139,7) (139,8) 213
(140,7) (140,8) 88
(141,7) (141,8) 38
(142,7) (142,8) 77
(143,7) (143,8) 151
(144,7) (144,8) 395
(145,7) (145,8) 136
(146,7) (146,8) 77
(147,7) (147,8) 225
(148,7) (148,8) 393
(149,7) (149,8) 317
(150,7) (150,8) 171
(151,7) (151,8) 191
(152,7) (152,8) 388
(153,7) (153,8) 26
(154,7) (154,8) 23
(155,7) (155,8) 162
(156,7) (156,8) 367
(157,7) (157,8) 203
(158,7) (158,8) 86
(159,7) (159,8) 92
(160,7) (160,8) 344
(1,8) (1,9) 292
(2,8) (2,9) 291
(3,8) (3,9) 123
(4,8) (4,9) 238
(5,8) (5,9) 389
(6,8) (6,9) 291
(7,8) (7,9) 140
(8,8) (8,9) 385
(9,8) (9,9) 43
(10,8) (10,9) 99
(11,8) (11,9) 33
(12,8) (12,9) 69
(13,8) (13,9) 227
(14,8) (14,9) 160
(15,8) (15,9) 253
(16,8) (16,9) 146
(17,8) (17,9) 26
(18,8) (18,9) 67
(19,8) (19,9) 267
(20,8) (20,9) 204
(21,8) (21,9) 272
(22,8) (22,9) 247
(23,8) (23,9) 63
(24,8) (24,9) 329
(25,8) (25,9) 299
(26,8) (26,9) 392
(27,8) (27,9) 356
(28,8) (28,9) 324
(29,8) (29,9) 104
(30,8) (30,9) 170
(31,8) (31,9) 21
(32,8) (32,9) 62
(33,8) (33,9) 12
(34,8) (34,9) 19
(35,8) (35,9) 343
(36,8) (36,9) 267
(37,8) (37,9) 296
(38,8) (38,9) 294
(39,8) (39,9) 211
(40,8) (40,9) 144
(41,8) (41,9) 379
(42,8) (42,9) 61
(43,8) (43,9) 338
(44,8) (44,9) 103
(45,8) (45,9) 385
(46,8) (46,9) 66
(47,8) (47,9) 320
(48,8) (48,9) 316
(49,8) (49,9) 10
(50,8) (50,9) 282
(51,8) (51,9) 67
(52,8) (52,9) 216
(53,8) (53,9) 277
(54,8) (54,9) 223
(55,8) (55,9) 181
(56,8) (56,9) 375
(57,8) (57,9) 11
(58,8) (58,9) 264
(59,8) (59,9) 29
(60,8) (60,9) 88
(61,8) (61,9) 104
(62,8) (62,9) 23
(63,8) (63,9) 349
(64,8) (64,9) 272
(65,8) (65,9) 147
(66,8) (66,9) 222
(67,8) (67,9) 4
(68,8) (68,9) 28
(69,8) (69,9) 239
(70,8) (70,9) 127
(71,8) (71,9) 2
(72,8) (72,9) 321
(73,8) (73,9) 43
(74,8) (74,9) 143
(75,8) (75,9) 44
(76,8) (76,9) 241
(77,8) (77,9) 244
(78,8) (78,9) 231
(79,8) (79,9) 22
(80,8) (80,9) 77
(81,8) (81,9) 26
(82,8) (82,9) 295
(83,8) (83,9) 301
(84,8) (84,9) 97
(85,8) (85,9) 143
(86,8) (86,9) 70
(87,8) (87,9) 87
(88,8) (88,9) 209
(89,8) (89,9) 284
(90,8) (90,9) 186
(91,8) (91,9) 161
(92,8) (92,9) 366
(93,8) (93,9) 78
(94,8) (94,9) 208
(95,8) (95,9) 280
(96,8) (96,9) 276
(97,8) (97,9) 141
(98,8) (98,9) 169
(99,8) (99,9) 132
(100,8) (100,9) 99
(101,8) (101,9) 190
(102,8) (102,9) 226
(103,8) (103,9) 126
(104,8) (104,9) 24
(105,8) (105,9) 366
(106,8) (106,9) 350
(107,8) (107,9) 67
(108,8) (108,9) 72
(109,8) (109,9) 46
(110,8) (110,9) 210
(111,8) (111,9) 320
(112,8) (112,9) 265
(113,8) (113,9) 111
(114,8) (114,9) 124
(115,8) (115,9) 317
(116,8) (116,9) 332
(117,8) (117,9) 179
(118,8) (118,9) 321
(119,8) (119,9) 214
(120,8) (120,9) 378
(121,8) (121,9) 34
(122,8) (122,9) 338
(123,8) (123,9) 324
(124,8) (124,9) 362
(125,8) (125,9) 366
(126,8) (126,9) 314
(127,8) (127,9) 219
(128,8) (128,9) 93
(129,8) (129,9) 174
(130,8) (130,9) 119
(131,8) (131,9) 60
(132,8) (132,9) 102
(133,8) (133,9) 103
(134,8) (134,9) 178
(135,8) (135,9) 27
(136,8) (136,9) 169
(137,8) (137,9) 185
(138,8) (138,9) 348
(139,8) (139,9) 43
(140,8) (140,9) 399
(141,8) (141,9) 261
(142,8) (142,9) 391
(143,8) (143,9) 389
(144,8) (144,9) 19
(145,8) (145,9) 93
(146,8) (146,9) 31
(147,8) (147,9) 231
(148,8) (148,9) 381
(149,8) (149,9) 339
(150,8) (150,9) 67
(151,8) (151,9) 265
(152,8) (152,9) 72
(153,8) (153,9) 179
(154,8) (154,9) 116
(155,8) (155,9) 139
(156,8) (156,9) 145
(157,8) (157,9) 253
(158,8) (158,9) 56
(159,8) (159,9) 138
(160,8) (160,9) 270
(1,9) (1,10) 90
(2,9) (2,10) 299
(3,9) (3,10) 97
(4,9) (4,10) 265
(5,9) (5,10) 112
(6,9) (6,10) 260
(7,9) (7,10) 364
(8,9) (8,10) 200
(9,9) (9,10) 176
(10,9) (10,10) 207
(11,9) (11,10) 216
(12,9) (12,10) 363
(13,9) (13,10) 93
(14,9) (14,10) 300
(15,9) (15,10) 342
(16,9) (16,10) 81
(17,9) (17,10) 151
(18,9) (18,10) 195
(19,9) (19,10) 383
(20,9) (20,10) 246
(21,9) (21,10) 69
(22,9) (22,10) 193
(23,9) (23,10) 337
(24,9) (24,10) 141
(25,9) (25,10) 193
(26,9) (26,10) 340
(27,9) (27,10) 72
(28,9) (28,10) 326
(29,9) (29,10) 382
(30,9) (30,10) 48
(31,9) (31,10) 184
(32,9) (32,10) 317
(33,9) (33,10) 356
(34,9) (34,10) 251
(35,9) (35,10) 166
(36,9) (36,10) 399
(37,9) (37,10) 316
(38,9) (38,10) 139
(39,9) (39,10) 182
(40,9) (40,10) 9
(41,9) (41,10) 263
(42,9) (42,10) 394
(43,9) (43,10) 222
(44,9) (44,10) 271
(45,9) (45,10) 168
(46,9) (46,10) 195
(47,9) (47,10) 10
(48,9) (48,10) 165
(49,9) (49,10) 306
(50,9) (50,10) 188
(51,9) (51,10) 217
(52,9) (52,10) 397
(53,9) (53,10) 156
(54,9) (54,10) 143
(55,9) (55,10) 85
(56,9) (56,10) 254
(57,9) (57,10) 306
(58,9) (58,10) 327
(59,9) (59,10) 336
(60,9) (60,10) 302
(61,9) (61,10) 53
(62,9) (62,10) 388
(63,9) (63,10) 89
(64,9) (64,10) 364
(65,9) (65,10) 114
(66,9) (66,10) 362
(67,9) (67,10) 78
(68,9) (68,10) 172
(69,9) (69,10) 47
(70,9) (70,10) 396
(71,9) (71,10) 380
(72,9) (72,10) 160
(73,9) (73,10) 145
(74,9) (74,10) 113
(75,9) (75,10) 241
(76,9) (76,10) 319
(77,9) (77,10) 28
(78,9) (78,10) 80
(79,9) (79,10) 3
(80,9) (80,10) 228
(81,9) (81,10) 50
(82,9) (82,10) 366
(83,9) (83,10) 153
(84,9) (84,10) 198
(85,9) (85,10) 61
(86,9) (86,10) 161
(87,9) (87,10) 135
(88,9) (88,10) 175
(89,9) (89,10) 311
(90,9) (90,10) 31
(91,9) (91,10) 231
(92,9) (92,10) 348
(93,9) (93,10) 294
(94,9) (94,10) 392
(95,9) (95,10) 274
(96,9) (96,10) 112
(97,9) (97,10) 390
(98,9) (98,10) 173
(99,9) (99,10) 127
(100,9) (100,10) 357
(101,9) (101,10) 286
(102,9) (102,10) 59
(103,9) (103,10) 258
(104,9) (104,10) 32
(105,9) (105,10) 324
(106,9) (106,10) 184
(107,9) (107,10) 246
(108,9) (108,10) 256
(109,9) (109,10) 156
(110,9) (110,10) 9
(111,9) (111,10) 5
(112,9) (112,10) 371
(113,9) (113,10) 139
(114,9) (114,10) 285
(115,9) (115,10) 259
(116,9) (116,10) 228
(117,9) (117,10) 363
(118,9) (118,10) 74
(119,9) (119,10) 171
(120,9) (120,10) 4
(121,9) (121,10) 327
(122,9) (122,10) 226
(123,9) (123,10) 177
(124,9) (124,10) 132
(125,9) (125,10) 262
(126,9) (126,10) 369
(127,9) (127,10) 311
(128,9) (128,10) 29
(129,9) (129,10) 212
(130,9) (130,10) 150
(131,9) (131,10) 219
(132,9) (132,10) 77
(133,9) (133,10) 332
(134,9) (134,10) 12
(135,9) (135,10) 189
(136,9) (136,10) 255
(137,9) (137,10) 50
(138,9) (138,10) 243
(139,9) (139,10) 15
(140,9) (140,10) 213
(141,9) (141,10) 236
(142,9) (142,10) 224
(143,9) (143,10) 5
(144,9) (144,10) 324
(145,9) (145,10) 353
(146,9) (146,10) 382
(147,9) (147,10) 299
(148,9) (148,10) 283
(149,9) (149,10) 186
(150,9) (150,10) 239
(151,9) (151,10) 198
(152,9) (152,10) 385
(153,9) (153,10) 389
(154,9) (154,10) 131
(155,9) (155,10) 3
(156,9) (156,10) 187
(157,9) (157,10) 120
(158,9) (158,10) 19
(159,9) (159,10) 11
(160,9) (160,10) 7
(1,1) (2,1) 50
(2,1) (1,1) 171
(2,1) (3,1) 168
(3,1) (2,1) 153
(3,1) (4,1) 301
(4,1) (3,1) 322
(4,1) (5,1) 225
(5,1) (4,1) 367
(5,1) (6,1) 384
(6,1) (5,1) 391
(6,1) (7,1) 17
(7,1) (6,1) 306
(7,1) (8,1) 81
(8,1) (7,1) 378
(8,1) (9,1) 326
(9,1) (8,1) 396
(9,1) (10,1) 231
(10,1) (9,1) 147
(10,1) (11,1) 278
(11,1) (10,1) 144
(11,1) (12,1) 46
(12,1) (11,1) 243
(12,1) (13,1) 155
(13,1) (12,1) 394
(13,1) (14,1) 116
(14,1) (13,1) 230
(14,1) (15,1) 367
(15,1) (14,1) 84
(15,1) (16,1) 192
(16,1) (15,1) 178
(16,1) (17,1) 3
(17,1) (16,1) 162
(17,1) (18,1) 18
(18,1) (17,1) 30
(18,1) (19,1) 233
(19,1) (18,1) 380
(19,1) (20,1) 213
(20,1) (19,1) 130
(20,1) (21,1) 33
(21,1) (20,1) 213
(21,1) (22,1) 113
(22,1) (21,1) 7
(22,1) (23,1) 16
(23,1) (22,1) 316
(23,1) (24,1) 254
(24,1) (23,1) 122
(24,1) (25,1) 13
(25,1) (24,1) 271
(25,1) (26,1) 19
(26,1) (25,1) 50
(26,1) (27,1) 166
(27,1) (26,1) 134
(27,1) (28,1) 315
(28,1) (27,1) 107
(28,1) (29,1) 367
(29,1) (28,1) 35
(29,1) (30,1) 9
(30,1) (29,1) 351
(30,1) (31,1) 90
(31,1) (30,1) 36
(31,1) (32,1) 307
(32,1) (31,1) 49
(32,1) (33,1) 306
(33,1) (32,1) 386
(33,1) (34,1) 345
(34,1) (33,1) 85
(34,1) (35,1) 1
(35,1) (34,1) 346
(35,1) (36,1) 201
(36,1) (35,1) 111
(36,1) (37,1) 2
(37,1) (36,1) 118
(37,1) (38,1) 91
(38,1) (37,1) 118
(38,1) (39,1) 33
(39,1) (38,1) 231
(39,1) (40,1) 39
(40,1) (39,1) 213
(40,1) (41,1) 46
(41,1) (40,1) 336
(41,1) (42,1) 135
(42,1) (41,1) 46
(42,1) (43,1) 384
(43,1) (42,1) 2
(43,1) (44,1) 6
(44,1) (43,1) 395
(44,1) (45,1) 390
(45,1) (44,1) 112
(45,1) (46,1) 216
(46,1) (45,1) 19
(46,1) (47,1) 169
(47,1) (46,1) 382
(47,1) (48,1) 355
(48,1) (47,1) 261
(48,1) (49,1) 205
(49,1) (48,1) 315
(49,1) (50,1) 187
(50,1) (49,1) 83
(50,1) (51,1) 150
(51,1) (50,1) 104
(51,1) (52,1) 332
(52,1) (51,1) 110
(52,1) (53,1) 247
(53,1) (52,1) 100
(53,1) (54,1) 128
(54,1) (53,1) 234
(54,1) (55,1) 22
(55,1) (54,1) 277
(55,1) (56,1) 96
(56,1) (55,1) 158
(56,1) (57,1) 44
(57,1) (56,1) 165
(57,1) (58,1) 119
(58,1) (57,1) 123
(58,1) (59,1) 200
(59,1) (58,1) 343
(59,1) (60,1) 242
(60,1) (59,1) 135
(60,1) (61,1) 339
(61,1) (60,1) 276
(61,1) (62,1) 276
(62,1) (61,1) 276
(62,1) (63,1) 286
(63,1) (62,1) 215
(63,1) (64,1) 182
(64,1) (63,1) 337
(64,1) (65,1) 327
(65,1) (64,1) 17
(65,1) (66,1) 156
(66,1) (65,1) 189
(66,1) (67,1) 27
(67,1) (66,1) 73
(67,1) (68,1) 66
(68,1) (67,1) 83
(68,1) (69,1) 277
(69,1) (68,1) 212
(69,1) (70,1) 53
(70,1) (69,1) 327
(70,1) (71,1) 37
(71,1) (70,1) 205
(71,1) (72,1) 302
(72,1) (71,1) 171
(72,1) (73,1) 348
(73,1) (72,1) 209
(73,1) (74,1) 25
(74,1) (73,1) 238
(74,1) (75,1) 35
(75,1) (74,1) 25
(75,1) (76,1) 180
(76,1) (75,1) 386
(76,1) (77,1) 139
(77,1) (76,1) 181
(77,1) (78,1) 35
(78,1) (77,1) 88
(78,1) (79,1) 382
(79,1) (78,1) 242
(79,1) (80,1) 160
(80,1) (79,1) 170
(80,1) (81,1) 213
(81,1) (80,1) 311
(81,1) (82,1) 207
(82,1) (81,1) 229
(82,1) (83,1) 4
(83,1) (82,1) 34
(83,1) (84,1) 16
(84,1) (83,1) 209
(84,1) (85,1) 352
(85,1) (84,1) 362
(85,1) (86,1) 238
(86,1) (85,1) 335
(86,1) (87,1) 32
(87,1) (86,1) 64
(87,1) (88,1) 52
(88,1) (87,1) 366
(88,1) (89,1) 161
(89,1) (88,1) 215
(89,1) (90,1) 207
(90,1) (89,1) 249
(90,1) (91,1) 355
(91,1) (90,1) 29
(91,1) (92,1) 175
(92,1) (91,1) 224
(92,1) (93,1) 273
(93,1) (92,1) 213
(93,1) (94,1) 295
(94,1) (93,1) 50
(94,1) (95,1) 206
(95,1) (94,1) 227
(95,1) (96,1) 35
(96,1) (95,1) 4
(96,1) (97,1) 235
(97,1) (96,1) 323
(97,1) (98,1) 361
(98,1) (97,1) 225
(98,1) (99,1) 325
(99,1) (98,1) 22
(99,1) (100,1) 361
(100,1) (99,1) 237
(100,1) (101,1) 363
(101,1) (100,1) 122
(101,1) (102,1) 78
(102,1) (101,1) 311
(102,1) (103,1) 237
(103,1) (102,1) 292
(103,1) (104,1) 118
(104,1) (103,1) 59
(104,1) (105,1) 335
(105,1) (104,1) 397
(105,1) (106,1) 110
(106,1) (105,1) 130
(106,1) (107,1) 189
(107,1) (106,1) 230
(107,1) (108,1) 199
(108,1) (107,1) 119
(108,1) (109,1) 313
(109,1) (108,1) 393
(109,1) (110,1) 277
(110,1) (109,1) 38
(110,1) (111,1) 304
(111,1) (110,1) 174
(111,1) (112,1) 357
(112,1) (111,1) 50
(112,1) (113,1) 267
(113,1) (112,1) 343
(113,1) (114,1) 174
(114,1) (113,1) 35
(114,1) (115,1) 354
(115,1) (114,1) 153
(115,1) (116,1) 177
(116,1) (115,1) 27
(116,1) (117,1) 154
(117,1) (116,1) 263
(117,1) (118,1) 347
(118,1) (117,1) 308
(118,1) (119,1) 334
(119,1) (118,1) 124
(119,1) (120,1) 41
(120,1) (119,1) 168
(120,1) (121,1) 395
(121,1) (120,1) 117
(121,1) (122,1) 234
(122,1) (121,1) 331
(122,1) (123,1) 358
(123,1) (122,1) 41
(123,1) (124,1) 144
(124,1) (123,1) 121
(124,1) (125,1) 73
(125,1) (124,1) 198
(125,1) (126,1) 224
(126,1) (125,1) 200
(126,1) (127,1) 90
(127,1) (126,1) 185
(127,1) (128,1) 234
(128,1) (127,1) 90
(128,1) (129,1) 364
(129,1) (128,1) 185
(129,1) (130,1) 162
(130,1) (129,1) 305
(130,1) (131,1) 238
(131,1) (130,1) 304
(131,1) (132,1) 188
(132,1) (131,1) 126
(132,1) (133,1) 98
(133,1) (132,1) 231
(133,1) (134,1) 39
(134,1) (133,1) 217
(134,1) (135,1) 89
(135,1) (134,1) 237
(135,1) (136,1) 368
(136,1) (135,1) 55
(136,1) (137,1) 297
(137,1) (136,1) 100
(137,1) (138,1) 167
(138,1) (137,1) 378
(138,1) (139,1) 272
(139,1) (138,1) 265
(139,1) (140,1) 46
(140,1) (139,1) 267
(140,1) (141,1) 50
(141,1) (140,1) 398
(141,1) (142,1) 62
(142,1) (141,1) 108
(142,1) (143,1) 367
(143,1) (142,1) 373
(143,1) (144,1) 260
(144,1) (143,1) 301
(144,1) (145,1) 256
(145,1) (144,1) 251
(145,1) (146,1) 329
(146,1) (145,1) 158
(146,1) (147,1) 143
(147,1) (146,1) 14
(147,1) (148,1) 287
(148,1) (147,1) 300
(148,1) (149,1) 198
(149,1) (148,1) 397
(149,1) (150,1) 167
(150,1) (149,1) 233
(150,1) (151,1) 96
(151,1) (150,1) 298
(151,1) (152,1) 175
(152,1) (151,1) 124
(152,1) (153,1) 268
(153,1) (152,1) 142
(153,1) (154,1) 88
(154,1) (153,1) 210
(154,1) (155,1) 385
(155,1) (154,1) 186
(155,1) (156,1) 22
(156,1) (155,1) 368
(156,1) (157,1) 379
(157,1) (156,1) 166
(157,1) (158,1) 97
(158,1) (157,1) 343
(158,1) (159,1) 226
(159,1) (158,1) 136
(159,1) (160,1) 89
(160,1) (159,1) 354
(1,2) (2,2) 187
(2,2) (1,2) 290
(2,2) (3,2) 166
(3,2) (2,2) 190
(3,2) (4,2) 184
(4,2) (3,2) 104
(4,2) (5,2) 125
(5,2) (4,2) 198
(5,2) (6,2) 11
(6,2) (5,2) 284
(6,2) (7,2) 126
(7,2) (6,2) 27
(7,2) (8,2) 233
(8,2) (7,2) 8
(8,2) (9,2) 90
(9,2) (8,2) 76
(9,2) (10,2) 297
(10,2) (9,2) 328
(10,2) (11,2) 35
(11,2) (10,2) 104
(11,2) (12,2) 267
(12,2) (11,2) 81
(12,2) (13,2) 139
(13,2) (12,2) 77
(13,2) (14,2) 5
(14,2) (13,2) 258
(14,2) (15,2) 238
(15,2) (14,2) 379
(15,2) (16,2) 377
(16,2) (15,2) 341
(16,2) (17,2) 364
(17,2) (16,2) 347
(17,2) (18,2) 210
(18,2) (17,2) 114
(18,2) (19,2) 190
(19,2) (18,2) 133
(19,2) (20,2) 109
(20,2) (19,2) 257
(20,2) (21,2) 346
(21,2) (20,2) 323
(21,2) (22,2) 357
(22,2) (21,2) 153
(22,2) (23,2) 354
(23,2) (22,2) 304
(23,2) (24,2) 166
(24,2) (23,2) 346
(24,2) (25,2) 294
(25,2) (24,2) 91
(25,2) (26,2) 131
(26,2) (25,2) 291
(26,2) (27,2) 346
(27,2) (26,2) 398
(27,2) (28,2) 196
(28,2) (27,2) 369
(28,2) (29,2) 354
(29,2) (28,2) 294
(29,2) (30,2) 119
(30,2) (29,2) 262
(30,2) (31,2) 137
(31,2) (30,2) 126
(31,2) (32,2) 374
(32,2) (31,2) 17
(32,2) (33,2) 193
(33,2) (32,2) 76
(33,2) (34,2) 121
(34,2) (33,2) 159
(34,2) (35,2) 101
(35,2) (34,2) 104
(35,2) (36,2) 322
(36,2) (35,2) 173
(36,2) (37,2) 347
(37,2) (36,2) 277
(37,2) (38,2) 7
(38,2) (37,2) 281
(38,2) (39,2) 85
(39,2) (38,2) 205
(39,2) (40,2) 365
(40,2) (39,2) 309
(40,2) (41,2) 374
(41,2) (40,2) 381
(41,2) (42,2) 207
(42,2) (41,2) 6
(42,2) (43,2) 370
(43,2) (42,2) 298
(43,2) (44,2) 302
(44,2) (43,2) 287
(44,2) (45,2) 366
(45,2) (44,2) 334
(45,2) (46,2) 66
(46,2) (45,2) 213
(46,2) (47,2) 166
(47,2) (46,2) 339
(47,2) (48,2) 143
(48,2) (47,2) 111
(48,2) (49,2) 141
(49,2) (48,2) 107
(49,2) (50,2) 195
(50,2) (49,2) 349
(50,2) (51,2) 31
(51,2) (50,2) 202
(51,2) (52,2) 347
(52,2) (51,2) 289
(52,2) (53,2) 179
(53,2) (52,2) 368
(53,2) (54,2) 54
(54,2) (53,2) 158
(54,2) (55,2) 380
(55,2) (54,2) 87
(55,2) (56,2) 33
(56,2) (55,2) 251
(56,2) (57,2) 110
(57,2) (56,2) 85
(57,2) (58,2) 65
(58,2) (57,2) 164
(58,2) (59,2) 238
(59,2) (58,2) 174
(59,2) (60,2) 191
(60,2) (59,2) 190
(60,2) (61,2) 3
(61,2) (60,2) 154
(61,2) (62,2) 317
(62,2) (61,2) 341
(62,2) (63,2) 152
(63,2) (62,2) 366
(63,2) (64,2) 103
(64,2) (63,2) 356
(64,2) (65,2) 163
(65,2) (64,2) 58
(65,2) (66,2) 117
(66,2) (65,2) 367
(66,2) (67,2) 271
(67,2) (66,2) 30
(67,2) (68,2) 381
(68,2) (67,2) 256
(68,2) (69,2) 278
(69,2) (68,2) 394
(69,2) (70,2) 5
(70,2) (69,2) 93
(70,2) (71,2) 107
(71,2) (70,2) 80
(71,2) (72,2) 38
(72,2) (71,2) 163
(72,2) (73,2) 3
(73,2) (72,2) 360
(73,2) (74,2) 380
(74,2) (73,2) 97
(74,2) (75,2) 115
(75,2) (74,2) 208
(75,2) (76,2) 265
(76,2) (75,2) 291
(76,2) (77,2) 277
(77,2) (76,2) 78
(77,2) (78,2) 170
(78,2) (77,2) 216
(78,2) (79,2) 260
(79,2) (78,2) 4
(79,2) (80,2) 226
(80,2) (79,2) 339
(80,2) (81,2) 343
(81,2) (80,2) 398
(81,2) (82,2) 178
(82,2) (81,2) 219
(82,2) (83,2) 187
(83,2) (82,2) 106
(83,2) (84,2) 362
(84,2) (83,2) 95
(84,2) (85,2) 88
(85,2) (84,2) 133
(85,2) (86,2) 216
(86,2) (85,2) 362
(86,2) (87,2) 293
(87,2) (86,2) 190
(87,2) (88,2) 351
(88,2) (87,2) 366
(88,2) (89,2) 152
(89,2) (88,2) 25
(89,2) (90,2) 36
(90,2) (89,2) 32
(90,2) (91,2) 214
(91,2) (90,2) 307
(91,2) (92,2) 274
(92,2) (91,2) 112
(92,2) (93,2) 104
(93,2) (92,2) 333
(93,2) (94,2) 333
(94,2) (93,2) 36
(94,2) (95,2) 334
(95,2) (94,2) 167
(95,2) (96,2) 51
(96,2) (95,2) 144
(96,2) (97,2) 398
(97,2) (96,2) 154
(97,2) (98,2) 143
(98,2) (97,2) 148
(98,2) (99,2) 293
(99,2) (98,2) 17
(99,2) (100,2) 343
(100,2) (99,2) 161
(100,2) (101,2) 254
(101,2) (100,2) 21
(101,2) (102,2) 149
(102,2) (101,2) 185
(102,2) (103,2) 384
(103,2) (102,2) 180
(103,2) (104,2) 354
(104,2) (103,2) 34
(104,2) (105,2) 113
(105,2) (104,2) 110
(105,2) (106,2) 254
(106,2) (105,2) 295
(106,2) (107,2) 329
(107,2) (106,2) 187
(107,2) (108,2) 269
(108,2) (107,2) 140
(108,2) (109,2) 257
(109,2) (108,2) 188
(109,2) (110,2) 139
(110,2) (109,2) 219
(110,2) (111,2) 10
(111,2) (110,2) 12
(111,2) (112,2) 240
(112,2) (111,2) 400
(112,2) (113,2) 314
(113,2) (112,2) 387
(113,2) (114,2) 239
(114,2) (113,2) 109
(114,2) (115,2) 194
(115,2) (114,2) 200
(115,2) (116,2) 152
(116,2) (115,2) 283
(116,2) (117,2) 171
(117,2) (116,2) 175
(117,2) (118,2) 45
(118,2) (117,2) 46
(118,2) (119,2) 270
(119,2) (118,2) 86
(119,2) (120,2) 34
(120,2) (119,2) 83
(120,2) (121,2) 98
(121,2) (120,2) 328
(121,2) (122,2) 237
(122,2) (121,2) 184
(122,2) (123,2) 288
(123,2) (122,2) 173
(123,2) (124,2) 77
(124,2) (123,2) 232
(124,2) (125,2) 387
(125,2) (124,2) 207
(125,2) (126,2) 344
(126,2) (125,2) 323
(126,2) (127,2) 76
(127,2) (126,2) 184
(127,2) (128,2) 284
(128,2) (127,2) 326
(128,2) (129,2) 305
(129,2) (128,2) 13
(129,2) (130,2) 38
(130,2) (129,2) 187
(130,2) (131,2) 277
(131,2) (130,2) 145
(131,2) (132,2) 65
(132,2) (131,2) 256
(132,2) (133,2) 339
(133,2) (132,2) 247
(133,2) (134,2) 119
(134,2) (133,2) 316
(134,2) (135,2) 372
(135,2) (134,2) 361
(135,2) (136,2) 307
(136,2) (135,2) 388
(136,2) (137,2) 224
(137,2) (136,2) 350
(137,2) (138,2) 342
(138,2) (137,2) 57
(138,2) (139,2) 129
(139,2) (138,2) 347
(139,2) (140,2) 88
(140,2) (139,2) 26
(140,2) (141,2) 355
(141,2) (140,2) 89
(141,2) (142,2) 279
(142,2) (141,2) 382
(142,2) (143,2) 231
(143,2) (142,2) 30
(143,2) (144,2) 139
(144,2) (143,2) 262
(144,2) (145,2) 167
(145,2) (144,2) 59
(145,2) (146,2) 378
(146,2) (145,2) 19
(146,2) (147,2) 292
(147,2) (146,2) 130
(147,2) (148,2) 231
(148,2) (147,2) 116
(148,2) (149,2) 43
(149,2) (148,2) 49
(149,2) (150,2) 276
(150,2) (149,2) 249
(150,2) (151,2) 294
(151,2) (150,2) 63
(151,2) (152,2) 393
(152,2) (151,2) 217
(152,2) (153,2) 142
(153,2) (152,2) 114
(153,2) (154,2) 269
(154,2) (153,2) 76
(154,2) (155,2) 238
(155,2) (154,2) 395
(155,2) (156,2) 353
(156,2) (155,2) 70
(156,2) (157,2) 355
(157,2) (156,2) 383
(157,2) (158,2) 92
(158,2) (157,2) 209
(158,2) (159,2) 144
(159,2) (158,2) 2
(159,2) (160,2) 81
(160,2) (159,2) 37
(1,3) (2,3) 78
(2,3) (1,3) 162
(2,3) (3,3) 189
(3,3) (2,3) 359
(3,3) (4,3) 33
(4,3) (3,3) 141
(4,3) (5,3) 236
(5,3) (4,3) 220
(5,3) (6,3) 213
(6,3) (5,3) 32
(6,3) (7,3) 219
(7,3) (6,3) 376
(7,3) (8,3) 375
(8,3) (7,3) 318
(8,3) (9,3) 40
(9,3) (8,3) 199
(9,3) (10,3) 368
(10,3) (9,3) 281
(10,3) (11,3) 325
(11,3) (10,3) 326
(11,3) (12,3) 204
(12,3) (11,3) 224
(12,3) (13,3) 252
(13,3) (12,3) 15
(13,3) (14,3) 153
(14,3) (13,3) 148
(14,3) (15,3) 380
(15,3) (14,3) 32
(15,3) (16,3) 11
(16,3) (15,3) 8
(16,3) (17,3) 386
(17,3) (16,3) 359
(17,3) (18,3) 220
(18,3) (17,3) 197
(18,3) (19,3) 131
(19,3) (18,3) 108
(19,3) (20,3) 273
(20,3) (19,3) 152
(20,3) (21,3) 293
(21,3) (20,3) 347
(21,3) (22,3) 183
(22,3) (21,3) 153
(22,3) (23,3) 78
(23,3) (22,3) 348
(23,3) (24,3) 284
(24,3) (23,3) 25
(24,3) (25,3) 212
(25,3) (24,3) 97
(25,3) (26,3) 395
(26,3) (25,3) 374
(26,3) (27,3) 35
(27,3) (26,3) 91
(27,3) (28,3) 159
(28,3) (27,3) 93
(28,3) (29,3) 221
(29,3) (28,3) 73
(29,3) (30,3) 184
(30,3) (29,3) 30
(30,3) (31,3) 315
(31,3) (30,3) 31
(31,3) (32,3) 268
(32,3) (31,3) 197
(32,3) (33,3) 370
(33,3) (32,3) 15
(33,3) (34,3) 388
(34,3) (33,3) 90
(34,3) (35,3) 97
(35,3) (34,3) 86
(35,3) (36,3) 343
(36,3) (35,3) 342
(36,3) (37,3) 6
(37,3) (36,3) 261
(37,3) (38,3) 21
(38,3) (37,3) 144
(38,3) (39,3) 17
(39,3) (38,3) 58
(39,3) (40,3) 185
(40,3) (39,3) 179
(40,3) (41,3) 1
(41,3) (40,3) 123
(41,3) (42,3) 50
(42,3) (41,3) 366
(42,3) (43,3) 314
(43,3) (42,3) 287
(43,3) (44,3) 171
(44,3) (43,3) 313
(44,3) (45,3) 151
(45,3) (44,3) 265
(45,3) (46,3) 389
(46,3) (45,3) 366
(46,3) (47,3) 252
(47,3) (46,3) 257
(47,3) (48,3) 198
(48,3) (47,3) 11
(48,3) (49,3) 261
(49,3) (48,3) 225
(49,3) (50,3) 107
(50,3) (49,3) 179
(50,3) (51,3) 10
(51,3) (50,3) 57
(51,3) (52,3) 57
(52,3) (51,3) 299
(52,3) (53,3) 308
(53,3) (52,3) 159
(53,3) (54,3) 193
(54,3) (53,3) 152
(54,3) (55,3) 41
(55,3) (54,3) 199
(55,3) (56,3) 306
(56,3) (55,3) 259
(56,3) (57,3) 115
(57,3) (56,3) 314
(57,3) (58,3) 89
(58,3) (57,3) 117
(58,3) (59,3) 62
(59,3) (58,3) 230
(59,3) (60,3) 3
(60,3) (59,3) 101
(60,3) (61,3) 288
(61,3) (60,3) 274
(61,3) (62,3) 371
(62,3) (61,3) 139
(62,3) (63,3) 308
(63,3) (62,3) 268
(63,3) (64,3) 142
(64,3) (63,3) 224
(64,3) (65,3) 31
(65,3) (64,3) 369
(65,3) (66,3) 356
(66,3) (65,3) 52
(66,3) (67,3) 275
(67,3) (66,3) 249
(67,3) (68,3) 281
(68,3) (67,3) 380
(68,3) (69,3) 33
(69,3) (68,3) 396
(69,3) (70,3) 81
(70,3) (69,3) 6
(70,3) (71,3) 297
(71,3) (70,3) 37
(71,3) (72,3) 187
(72,3) (71,3) 154
(72,3) (73,3) 398
(73,3) (72,3) 337
(73,3) (74,3) 292
(74,3) (73,3) 15
(74,3) (75,3) 309
(75,3) (74,3) 228
(75,3) (76,3) 364
(76,3) (75,3) 262
(76,3) (77,3) 363
(77,3) (76,3) 25
(77,3) (78,3) 6
(78,3) (77,3) 295
(78,3) (79,3) 390
(79,3) (78,3) 83
(79,3) (80,3) 312
(80,3) (79,3) 263
(80,3) (81,3) 212
(81,3) (80,3) 356
(81,3) (82,3) 35
(82,3) (81,3) 131
(82,3) (83,3) 208
(83,3) (82,3) 345
(83,3) (84,3) 28
(84,3) (83,3) 219
(84,3) (85,3) 307
(85,3) (84,3) 81
(85,3) (86,3) 153
(86,3) (85,3) 141
(86,3) (87,3) 150
(87,3) (86,3) 249
(87,3) (88,3) 167
(88,3) (87,3) 269
(88,3) (89,3) 54
(89,3) (88,3) 5
(89,3) (90,3) 88
(90,3) (89,3) 255
(90,3) (91,3) 176
(91,3) (90,3) 140
(91,3) (92,3) 202
(92,3) (91,3) 33
(92,3) (93,3) 220
(93,3) (92,3) 272
(93,3) (94,3) 258
(94,3) (93,3) 391
(94,3) (95,3) 119
(95,3) (94,3) 361
(95,3) (96,3) 392
(96,3) (95,3) 52
(96,3) (97,3) 264
(97,3) (96,3) 222
(97,3) (98,3) 156
(98,3) (97,3) 273
(98,3) (99,3) 100
(99,3) (98,3) 239
(99,3) (100,3) 102
(100,3) (99,3) 254
(100,3) (101,3) 380
(101,3) (100,3) 337
(101,3) (102,3) 203
(102,3) (101,3) 51
(102,3) (103,3) 388
(103,3) (102,3) 151
(103,3) (104,3) 267
(104,3) (103,3) 385
(104,3) (105,3) 271
(105,3) (104,3) 137
(105,3) (106,3) 24
(106,3) (105,3) 41
(106,3) (107,3) 342
(107,3) (106,3) 100
(107,3) (108,3) 129
(108,3) (107,3) 281
(108,3) (109,3) 279
(109,3) (108,3) 398
(109,3) (110,3) 380
(110,3) (109,3) 95
(110,3) (111,3) 234
(111,3) (110,3) 340
(111,3) (112,3) 162
(112,3) (111,3) 235
(112,3) (113,3) 335
(113,3) (112,3) 322
(113,3) (114,3) 163
(114,3) (113,3) 341
(114,3) (115,3) 291
(115,3) (114,3) 237
(115,3) (116,3) 331
(116,3) (115,3) 376
(116,3) (117,3) 258
(117,3) (116,3) 65
(117,3) (118,3) 301
(118,3) (117,3) 298
(118,3) (119,3) 54
(119,3) (118,3) 355
(119,3) (120,3) 347
(120,3) (119,3) 264
(120,3) (121,3) 13
(121,3) (120,3) 18
(121,3) (122,3) 328
(122,3) (121,3) 211
(122,3) (123,3) 233
(123,3) (122,3) 30
(123,3) (124,3) 372
(124,3) (123,3) 81
(124,3) (125,3) 336
(125,3) (124,3) 117
(125,3) (126,3) 119
(126,3) (125,3) 82
(126,3) (127,3) 4
(127,3) (126,3) 102
(127,3) (128,3) 345
(128,3) (127,3) 144
(128,3) (129,3) 317
(129,3) (128,3) 244
(129,3) (130,3) 269
(130,3) (129,3) 129
(130,3) (131,3) 130
(131,3) (130,3) 121
(131,3) (132,3) 398
(132,3) (131,3) 13
(132,3) (133,3) 343
(133,3) (132,3) 52
(133,3) (134,3) 34
(134,3) (133,3) 246
(134,3) (135,3) 224
(135,3) (134,3) 208
(135,3) (136,3) 11
(136,3) (135,3) 184
(136,3) (137,3) 260
(137,3) (136,3) 99
(137,3) (138,3) 12
(138,3) (137,3) 175
(138,3) (139,3) 61
(139,3) (138,3) 112
(139,3) (140,3) 25
(140,3) (139,3) 303
(140,3) (141,3) 155
(141,3) (140,3) 57
(141,3) (142,3) 263
(142,3) (141,3) 197
(142,3) (143,3) 72
(143,3) (142,3) 68
(143,3) (144,3) 130
(144,3) (143,3) 24
(144,3) (145,3) 102
(145,3) (144,3) 184
(145,3) (146,3) 93
(146,3) (145,3) 298
(146,3) (147,3) 293
(147,3) (146,3) 85
(147,3) (148,3) 228
(148,3) (147,3) 193
(148,3) (149,3) 225
(149,3) (148,3) 158
(149,3) (150,3) 382
(150,3) (149,3) 268
(150,3) (151,3) 295
(151,3) (150,3) 116
(151,3) (152,3) 191
(152,3) (151,3) 164
(152,3) (153,3) 264
(153,3) (152,3) 160
(153,3) (154,3) 105
(154,3) (153,3) 50
(154,3) (155,3) 279
(155,3) (154,3) 172
(155,3) (156,3) 82
(156,3) (155,3) 359
(156,3) (157,3) 204
(157,3) (156,3) 254
(157,3) (158,3) 192
(158,3) (157,3) 315
(158,3) (159,3) 43
(159,3) (158,3) 82
(159,3) (160,3) 273
(160,3) (159,3) 197
(1,4) (2,4) 127
(2,4) (1,4) 67
(2,4) (3,4) 56
(3,4) (2,4) 180
(3,4) (4,4) 287
(4,4) (3,4) 118
(4,4) (5,4) 321
(5,4) (4,4) 184
(5,4) (6,4) 322
(6,4) (5,4) 20
(6,4) (7,4) 390
(7,4) (6,4) 64
(7,4) (8,4) 63
(8,4) (7,4) 50
(8,4) (9,4) 378
(9,4) (8,4) 113
(9,4) (10,4) 318
(10,4) (9,4) 302
(10,4) (11,4) 354
(11,4) (10,4) 47
(11,4) (12,4) 346
(12,4) (11,4) 23
(12,4) (13,4) 340
(13,4) (12,4) 75
(13,4) (14,4) 215
(14,4) (13,4) 73
(14,4) (15,4) 23
(15,4) (14,4) 265
(15,4) (16,4) 16
(16,4) (15,4) 308
(16,4) (17,4) 266
(17,4) (16,4) 173
(17,4) (18,4) 314
(18,4) (17,4) 249
(18,4) (19,4) 321
(19,4) (18,4) 82
(19,4) (20,4) 181
(20,4) (19,4) 337
(20,4) (21,4) 217
(21,4) (20,4) 198
(21,4) (22,4) 320
(22,4) (21,4) 361
(22,4) (23,4) 397
(23,4) (22,4) 293
(23,4) (24,4) 123
(24,4) (23,4) 221
(24,4) (25,4) 337
(25,4) (24,4) 369
(25,4) (26,4) 56
(26,4) (25,4) 256
(26,4) (27,4) 27
(27,4) (26,4) 203
(27,4) (28,4) 59
(28,4) (27,4) 85
(28,4) (29,4) 66
(29,4) (28,4) 65
(29,4) (30,4) 257
(30,4) (29,4) 206
(30,4) (31,4) 47
(31,4) (30,4) 307
(31,4) (32,4) 108
(32,4) (31,4) 350
(32,4) (33,4) 192
(33,4) (32,4) 259
(33,4) (34,4) 316
(34,4) (33,4) 109
(34,4) (35,4) 235
(35,4) (34,4) 377
(35,4) (36,4) 42
(36,4) (35,4) 360
(36,4) (37,4) 192
(37,4) (36,4) 144
(37,4) (38,4) 270
(38,4) (37,4) 226
(38,4) (39,4) 279
(39,4) (38,4) 193
(39,4) (40,4) 320
(40,4) (39,4) 123
(40,4) (41,4) 360
(41,4) (40,4) 25
(41,4) (42,4) 299
(42,4) (41,4) 170
(42,4) (43,4) 297
(43,4) (42,4) 218
(43,4) (44,4) 29
(44,4) (43,4) 202
(44,4) (45,4) 82
(45,4) (44,4) 43
(45,4) (46,4) 220
(46,4) (45,4) 63
(46,4) (47,4) 220
(47,4) (46,4) 349
(47,4) (48,4) 227
(48,4) (47,4) 36
(48,4) (49,4) 392
(49,4) (48,4) 363
(49,4) (50,4) 249
(50,4) (49,4) 115
(50,4) (51,4) 397
(51,4) (50,4) 268
(51,4) (52,4) 115
(52,4) (51,4) 160
(52,4) (53,4) 25
(53,4) (52,4) 41
(53,4) (54,4) 335
(54,4) (53,4) 34
(54,4) (55,4) 264
(55,4) (54,4) 181
(55,4) (56,4) 193
(56,4) (55,4) 254
(56,4) (57,4) 51
(57,4) (56,4) 286
(57,4) (58,4) 379
(58,4) (57,4) 113
(58,4) (59,4) 335
(59,4) (58,4) 223
(59,4) (60,4) 293
(60,4) (59,4) 234
(60,4) (61,4) 374
(61,4) (60,4) 63
(61,4) (62,4) 221
(62,4) (61,4) 275
(62,4) (63,4) 99
(63,4) (62,4) 202
(63,4) (64,4) 264
(64,4) (63,4) 186
(64,4) (65,4) 327
(65,4) (64,4) 41
(65,4) (66,4) 22
(66,4) (65,4) 400
(66,4) (67,4) 40
(67,4) (66,4) 208
(67,4) (68,4) 67
(68,4) (67,4) 28
(68,4) (69,4) 361
(69,4) (68,4) 21
(69,4) (70,4) 89
(70,4) (69,4) 189
(70,4) (71,4) 21
(71,4) (70,4) 328
(71,4) (72,4) 147
(72,4) (71,4) 75
(72,4) (73,4) 357
(73,4) (72,4) 195
(73,4) (74,4) 45
(74,4) (73,4) 313
(74,4) (75,4) 113
(75,4) (74,4) 239
(75,4) (76,4) 167
(76,4) (75,4) 153
(76,4) (77,4) 163
(77,4) (76,4) 368
(77,4) (78,4) 360
(78,4) (77,4) 395
(78,4) (79,4) 375
(79,4) (78,4) 110
(79,4) (80,4) 15
(80,4) (79,4) 324
(80,4) (81,4) 382
(81,4) (80,4) 306
(81,4) (82,4) 53
(82,4) (81,4) 135
(82,4) (83,4) 162
(83,4) (82,4) 41
(83,4) (84,4) 255
(84,4) (83,4) 34
(84,4) (85,4) 196
(85,4) (84,4) 296
(85,4) (86,4) 15
(86,4) (85,4) 168
(86,4) (87,4) 257
(87,4) (86,4) 140
(87,4) (88,4) 201
(88,4) (87,4) 310
(88,4) (89,4) 83
(89,4) (88,4) 124
(89,4) (90,4) 291
(90,4) (89,4) 100
(90,4) (91,4) 36
(91,4) (90,4) 334
(91,4) (92,4) 166
(92,4) (91,4) 267
(92,4) (93,4) 109
(93,4) (92,4) 114
(93,4) (94,4) 306
(94,4) (93,4) 301
(94,4) (95,4) 44
(95,4) (94,4) 255
(95,4) (96,4) 61
(96,4) (95,4) 389
(96,4) (97,4) 36
(97,4) (96,4) 56
(97,4) (98,4) 107
(98,4) (97,4) 332
(98,4) (99,4) 62
(99,4) (98,4) 395
(99,4) (100,4) 314
(100,4) (99,4) 389
(100,4) (101,4) 398
(101,4) (100,4) 374
(101,4) (102,4) 357
(102,4) (101,4) 70
(102,4) (103,4) 176
(103,4) (102,4) 358
(103,4) (104,4) 264
(104,4) (103,4) 3
(104,4) (105,4) 193
(105,4) (104,4) 269
(105,4) (106,4) 243
(106,4) (105,4) 345
(106,4) (107,4) 26
(107,4) (106,4) 15
(107,4) (108,4) 343
(108,4) (107,4) 291
(108,4) (109,4) 311
(109,4) (108,4) 89
(109,4) (110,4) 237
(110,4) (109,4) 13
(110,4) (111,4) 198
(111,4) (110,4) 303
(111,4) (112,4) 358
(112,4) (111,4) 147
(112,4) (113,4) 27
(113,4) (112,4) 225
(113,4) (114,4) 253
(114,4) (113,4) 340
(114,4) (115,4) 129
(115,4) (114,4) 89
(115,4) (116,4) 281
(116,4) (115,4) 201
(116,4) (117,4) 154
(117,4) (116,4) 323
(117,4) (118,4) 222
(118,4) (117,4) 76
(118,4) (119,4) 39
(119,4) (118,4) 137
(119,4) (120,4) 259
(120,4) (119,4) 38
(120,4) (121,4) 307
(121,4) (120,4) 250
(121,4) (122,4) 207
(122,4) (121,4) 393
(122,4) (123,4) 137
(123,4) (122,4) 55
(123,4) (124,4) 125
(124,4) (123,4) 343
(124,4) (125,4) 199
(125,4) (124,4) 26
(125,4) (126,4) 350
(126,4) (125,4) 301
(126,4) (127,4) 42
(127,4) (126,4) 19
(127,4) (128,4) 61
(128,4) (127,4) 176
(128,4) (129,4) 104
(129,4) (128,4) 160
(129,4) (130,4) 221
(130,4) (129,4) 18
(130,4) (131,4) 237
(131,4) (130,4) 56
(131,4) (132,4) 31
(132,4) (131,4) 257
(132,4) (133,4) 109
(133,4) (132,4) 244
(133,4) (134,4) 48
(134,4) (133,4) 189
(134,4) (135,4) 249
(135,4) (134,4) 330
(135,4) (136,4) 95
(136,4) (135,4) 67
(136,4) (137,4) 220
(137,4) (136,4) 24
(137,4) (138,4) 253
(138,4) (137,4) 154
(138,4) (139,4) 69
(139,4) (138,4) 281
(139,4) (140,4) 172
(140,4) (139,4) 297
(140,4) (141,4) 31
(141,4) (140,4) 151
(141,4) (142,4) 234
(142,4) (141,4) 260
(142,4) (143,4) 363
(143,4) (142,4) 382
(143,4) (144,4) 103
(144,4) (143,4) 273
(144,4) (145,4) 351
(145,4) (144,4) 265
(145,4) (146,4) 369
(146,4) (145,4) 43
(146,4) (147,4) 88
(147,4) (146,4) 27
(147,4) (148,4) 337
(148,4) (147,4) 18
(148,4) (149,4) 123
(149,4) (148,4) 139
(149,4) (150,4) 286
(150,4) (149,4) 29
(150,4) (151,4) 218
(151,4) (150,4) 157
(151,4) (152,4) 256
(152,4) (151,4) 30
(152,4) (153,4) 274
(153,4) (152,4) 153
(153,4) (154,4) 191
(154,4) (153,4) 80
(154,4) (155,4) 112
(155,4) (154,4) 91
(155,4) (156,4) 346
(156,4) (155,4) 207
(156,4) (157,4) 116
(157,4) (156,4) 374
(157,4) (158,4) 195
(158,4) (157,4) 131
(158,4) (159,4) 93
(159,4) (158,4) 101
(159,4) (160,4) 151
(160,4) (159,4) 187
(1,5) (2,5) 340
(2,5) (1,5) 16
(2,5) (3,5) 331
(3,5) (2,5) 162
(3,5) (4,5) 213
(4,5) (3,5) 279
(4,5) (5,5) 162
(5,5) (4,5) 257
(5,5) (6,5) 72
(6,5) (5,5) 94
(6,5) (7,5) 284
(7,5) (6,5) 353
(7,5) (8,5) 142
(8,5) (7,5) 309
(8,5) (9,5) 329
(9,5) (8,5) 362
(9,5) (10,5) 263
(10,5) (9,5) 195
(10,5) (11,5) 75
(11,5) (10,5) 93
(11,5) (12,5) 192
(12,5) (11,5) 191
(12,5) (13,5) 24
(13,5) (12,5) 27
(13,5) (14,5) 345
(14,5) (13,5) 362
(14,5) (15,5) 126
(15,5) (14,5) 128
(15,5) (16,5) 293
(16,5) (15,5) 348
(16,5) (17,5) 18
(17,5) (16,5) 400
(17,5) (18,5) 251
(18,5) (17,5) 393
(18,5) (19,5) 369
(19,5) (18,5) 124
(19,5) (20,5) 121
(20,5) (19,5) 128
(20,5) (21,5) 215
(21,5) (20,5) 48
(21,5) (22,5) 216
(22,5) (21,5) 400
(22,5) (23,5) 334
(23,5) (22,5) 380
(23,5) (24,5) 266
(24,5) (23,5) 327
(24,5) (25,5) 110
(25,5) (24,5) 125
(25,5) (26,5) 16
(26,5) (25,5) 377
(26,5) (27,5) 35
(27,5) (26,5) 376
(27,5) (28,5) 56
(28,5) (27,5) 217
(28,5) (29,5) 108
(29,5) (28,5) 322
(29,5) (30,5) 164
(30,5) (29,5) 167
(30,5) (31,5) 352
(31,5) (30,5) 319
(31,5) (32,5) 342
(32,5) (31,5) 182
(32,5) (33,5) 299
(33,5) (32,5) 213
(33,5) (34,5) 135
(34,5) (33,5) 105
(34,5) (35,5) 358
(35,5) (34,5) 44
(35,5) (36,5) 263
(36,5) (35,5) 361
(36,5) (37,5) 244
(37,5) (36,5) 116
(37,5) (38,5) 366
(38,5) (37,5) 85
(38,5) (39,5) 184
(39,5) (38,5) 99
(39,5) (40,5) 385
(40,5) (39,5) 327
(40,5) (41,5) 36
(41,5) (40,5) 217
(41,5) (42,5) 240
(42,5) (41,5) 303
(42,5) (43,5) 301
(43,5) (42,5) 226
(43,5) (44,5) 189
(44,5) (43,5) 126
(44,5) (45,5) 250
(45,5) (44,5) 72
(45,5) (46,5) 231
(46,5) (45,5) 33
(46,5) (47,5) 123
(47,5) (46,5) 114
(47,5) (48,5) 308
(48,5) (47,5) 40
(48,5) (49,5) 327
(49,5) (48,5) 62
(49,5) (50,5) 125
(50,5) (49,5) 146
(50,5) (51,5) 237
(51,5) (50,5) 358
(51,5) (52,5) 227
(52,5) (51,5) 263
(52,5) (53,5) 28
(53,5) (52,5) 129
(53,5) (54,5) 271
(54,5) (53,5) 50
(54,5) (55,5) 62
(55,5) (54,5) 377
(55,5) (56,5) 39
(56,5) (55,5) 312
(56,5) (57,5) 351
(57,5) (56,5) 36
(57,5) (58,5) 221
(58,5) (57,5) 9
(58,5) (59,5) 59
(59,5) (58,5) 353
(59,5) (60,5) 129
(60,5) (59,5) 2
(60,5) (61,5) 134
(61,5) (60,5) 241
(61,5) (62,5) 279
(62,5) (61,5) 141
(62,5) (63,5) 197
(63,5) (62,5) 400
(63,5) (64,5) 307
(64,5) (63,5) 86
(64,5) (65,5) 41
(65,5) (64,5) 286
(65,5) (66,5) 1
(66,5) (65,5) 122
(66,5) (67,5) 140
(67,5) (66,5) 111
(67,5) (68,5) 321
(68,5) (67,5) 206
(68,5) (69,5) 228
(69,5) (68,5) 139
(69,5) (70,5) 383
(70,5) (69,5) 297
(70,5) (71,5) 132
(71,5) (70,5) 194
(71,5) (72,5) 17
(72,5) (71,5) 351
(72,5) (73,5) 98
(73,5) (72,5) 240
(73,5) (74,5) 345
(74,5) (73,5) 124
(74,5) (75,5) 275
(75,5) (74,5) 137
(75,5) (76,5) 378
(76,5) (75,5) 153
(76,5) (77,5) 178
(77,5) (76,5) 113
(77,5) (78,5) 24
(78,5) (77,5) 157
(78,5) (79,5) 256
(79,5) (78,5) 90
(79,5) (80,5) 248
(80,5) (79,5) 147
(80,5) (81,5) 374
(81,5) (80,5) 43
(81,5) (82,5) 6
(82,5) (81,5) 148
(82,5) (83,5) 166
(83,5) (82,5) 234
(83,5) (84,5) 214
(84,5) (83,5) 305
(84,5) (85,5) 223
(85,5) (84,5) 38
(85,5) (86,5) 18
(86,5) (85,5) 32
(86,5) (87,5) 62
(87,5) (86,5) 147
(87,5) (88,5) 130
(88,5) (87,5) 160
(88,5) (89,5) 97
(89,5) (88,5) 130
(89,5) (90,5) 73
(90,5) (89,5) 90
(90,5) (91,5) 328
(91,5) (90,5) 44
(91,5) (92,5) 188
(92,5) (91,5) 118
(92,5) (93,5) 37
(93,5) (92,5) 300
(93,5) (94,5) 46
(94,5) (93,5) 7
(94,5) (95,5) 18
(95,5) (94,5) 166
(95,5) (96,5) 390
(96,5) (95,5) 84
(96,5) (97,5) 257
(97,5) (96,5) 168
(97,5) (98,5) 354
(98,5) (97,5) 212
(98,5) (99,5) 126
(99,5) (98,5) 43
(99,5) (100,5) 181
(100,5) (99,5) 85
(100,5) (101,5) 305
(101,5) (100,5) 390
(101,5) (102,5) 187
(102,5) (101,5) 330
(102,5) (103,5) 304
(103,5) (102,5) 303
(103,5) (104,5) 382
(104,5) (103,5) 174
(104,5) (105,5) 2
(105,5) (104,5) 30
(105,5) (106,5) 337
(106,5) (105,5) 313
(106,5) (107,5) 301
(107,5) (106,5) 209
(107,5) (108,5) 57
(108,5) (107,5) 158
(108,5) (109,5) 225
(109,5) (108,5) 246
(109,5) (110,5) 396
(110,5) (109,5) 94
(110,5) (111,5) 286
(111,5) (110,5) 184
(111,5) (112,5) 33
(112,5) (111,5) 285
(112,5) (113,5) 191
(113,5) (112,5) 264
(113,5) (114,5) 151
(114,5) (113,5) 126
(114,5) (115,5) 346
(115,5) (114,5) 199
(115,5) (116,5) 50
(116,5) (115,5) 110
(116,5) (117,5) 223
(117,5) (116,5) 46
(117,5) (118,5) 304
(118,5) (117,5) 106
(118,5) (119,5) 302
(119,5) (118,5) 251
(119,5) (120,5) 361
(120,5) (119,5) 318
(120,5) (121,5) 70
(121,5) (120,5) 24
(121,5) (122,5) 293
(122,5) (121,5) 380
(122,5) (123,5) 24
(123,5) (122,5) 281
(123,5) (124,5) 247
(124,5) (123,5) 325
(124,5) (125,5) 138
(125,5) (124,5) 210
(125,5) (126,5) 215
(126,5) (125,5) 214
(126,5) (127,5) 135
(127,5) (126,5) 227
(127,5) (128,5) 270
(128,5) (127,5) 193
(128,5) (129,5) 291
(129,5) (128,5) 17
(129,5) (130,5) 58
(130,5) (129,5) 327
(130,5) (131,5) 141
(131,5) (130,5) 18
(131,5) (132,5) 353
(132,5) (131,5) 16
(132,5) (133,5) 157
(133,5) (132,5) 180
(133,5) (134,5) 147
(134,5) (133,5) 343
(134,5) (135,5) 221
(135,5) (134,5) 74
(135,5) (136,5) 88
(136,5) (135,5) 356
(136,5) (137,5) 243
(137,5) (136,5) 308
(137,5) (138,5) 40
(138,5) (137,5) 375
(138,5) (139,5) 236
(139,5) (138,5) 106
(139,5) (140,5) 9
(140,5) (139,5) 78
(140,5) (141,5) 309
(141,5) (140,5) 6
(141,5) (142,5) 275
(142,5) (141,5) 51
(142,5) (143,5) 83
(143,5) (142,5) 123
(143,5) (144,5) 320
(144,5) (143,5) 21
(144,5) (145,5) 386
(145,5) (144,5) 165
(145,5) (146,5) 303
(146,5) (145,5) 65
(146,5) (147,5) 27
(147,5) (146,5) 206
(147,5) (148,5) 327
(148,5) (147,5) 126
(148,5) (149,5) 222
(149,5) (148,5) 298
(149,5) (150,5) 216
(150,5) (149,5) 194
(150,5) (151,5) 319
(151,5) (150,5) 288
(151,5) (152,5) 110
(152,5) (151,5) 3
(152,5) (153,5) 285
(153,5) (152,5) 390
(153,5) (154,5) 303
(154,5) (153,5) 334
(154,5) (155,5) 237
(155,5) (154,5) 376
(155,5) (156,5) 292
(156,5) (155,5) 222
(156,5) (157,5) 341
(157,5) (156,5) 100
(157,5) (158,5) 292
(158,5) (157,5) 73
(158,5) (159,5) 21
(159,5) (158,5) 293
(159,5) (160,5) 123
(160,5) (159,5) 237
(1,6) (2,6) 400
(2,6) (1,6) 57
(2,6) (3,6) 249
(3,6) (2,6) 306
(3,6) (4,6) 231
(4,6) (3,6) 145
(4,6) (5,6) 279
(5,6) (4,6) 44
(5,6) (6,6) 343
(6,6) (5,6) 182
(6,6) (7,6) 69
(7,6) (6,6) 384
(7,6) (8,6) 185
(8,6) (7,6) 114
(8,6) (9,6) 31
(9,6) (8,6) 272
(9,6) (10,6) 151
(10,6) (9,6) 354
(10,6) (11,6) 270
(11,6) (10,6) 309
(11,6) (12,6) 223
(12,6) (11,6) 134
(12,6) (13,6) 234
(13,6) (12,6) 216
(13,6) (14,6) 288
(14,6) (13,6) 81
(14,6) (15,6) 397
(15,6) (14,6) 205
(15,6) (16,6) 400
(16,6) (15,6) 292
(16,6) (17,6) 227
(17,6) (16,6) 236
(17,6) (18,6) 384
(18,6) (17,6) 66
(18,6) (19,6) 62
(19,6) (18,6) 253
(19,6) (20,6) 343
(20,6) (19,6) 287
(20,6) (21,6) 37
(21,6) (20,6) 207
(21,6) (22,6) 395
(22,6) (21,6) 346
(22,6) (23,6) 236
(23,6) (22,6) 262
(23,6) (24,6) 95
(24,6) (23,6) 324
(24,6) (25,6) 80
(25,6) (24,6) 303
(25,6) (26,6) 246
(26,6) (25,6) 75
(26,6) (27,6) 153
(27,6) (26,6) 49
(27,6) (28,6) 6
(28,6) (27,6) 344
(28,6) (29,6) 65
(29,6) (28,6) 257
(29,6) (30,6) 167
(30,6) (29,6) 354
(30,6) (31,6) 291
(31,6) (30,6) 1
(31,6) (32,6) 42
(32,6) (31,6) 156
(32,6) (33,6) 13
(33,6) (32,6) 87
(33,6) (34,6) 391
(34,6) (33,6) 274
(34,6) (35,6) 112
(35,6) (34,6) 198
(35,6) (36,6) 62
(36,6) (35,6) 267
(36,6) (37,6) 22
(37,6) (36,6) 347
(37,6) (38,6) 31
(38,6) (37,6) 139
(38,6) (39,6) 163
(39,6) (38,6) 6
(39,6) (40,6) 165
(40,6) (39,6) 360
(40,6) (41,6) 35
(41,6) (40,6) 99
(41,6) (42,6) 158
(42,6) (41,6) 7
(42,6) (43,6) 3
(43,6) (42,6) 84
(43,6) (44,6) 54
(44,6) (43,6) 83
(44,6) (45,6) 76
(45,6) (44,6) 141
(45,6) (46,6) 400
(46,6) (45,6) 105
(46,6) (47,6) 59
(47,6) (46,6) 59
(47,6) (48,6) 118
(48,6) (47,6) 2
(48,6) (49,6) 332
(49,6) (48,6) 322
(49,6) (50,6) 88
(50,6) (49,6) 334
(50,6) (51,6) 260
(51,6) (50,6) 289
(51,6) (52,6) 144
(52,6) (51,6) 169
(52,6) (53,6) 365
(53,6) (52,6) 356
(53,6) (54,6) 70
(54,6) (53,6) 349
(54,6) (55,6) 300
(55,6) (54,6) 38
(55,6) (56,6) 368
(56,6) (55,6) 116
(56,6) (57,6) 142
(57,6) (56,6) 257
(57,6) (58,6) 369
(58,6) (57,6) 344
(58,6) (59,6) 97
(59,6) (58,6) 68
(59,6) (60,6) 290
(60,6) (59,6) 250
(60,6) (61,6) 304
(61,6) (60,6) 143
(61,6) (62,6) 159
(62,6) (61,6) 43
(62,6) (63,6) 246
(63,6) (62,6) 62
(63,6) (64,6) 216
(64,6) (63,6) 41
(64,6) (65,6) 228
(65,6) (64,6) 144
(65,6) (66,6) 55
(66,6) (65,6) 298
(66,6) (67,6) 157
(67,6) (66,6) 163
(67,6) (68,6) 193
(68,6) (67,6) 62
(68,6) (69,6) 14
(69,6) (68,6) 189
(69,6) (70,6) 21
(70,6) (69,6) 356
(70,6) (71,6) 43
(71,6) (70,6) 169
(71,6) (72,6) 370
(72,6) (71,6) 284
(72,6) (73,6) 341
(73,6) (72,6) 333
(73,6) (74,6) 102
(74,6) (73,6) 132
(74,6) (75,6) 376
(75,6) (74,6) 84
(75,6) (76,6) 240
(76,6) (75,6) 113
(76,6) (77,6) 32
(77,6) (76,6) 333
(77,6) (78,6) 23
(78,6) (77,6) 92
(78,6) (79,6) 331
(79,6) (78,6) 78
(79,6) (80,6) 212
(80,6) (79,6) 374
(80,6) (81,6) 361
(81,6) (80,6) 118
(81,6) (82,6) 249
(82,6) (81,6) 9
(82,6) (83,6) 17
(83,6) (82,6) 318
(83,6) (84,6) 293
(84,6) (83,6) 125
(84,6) (85,6) 286
(85,6) (84,6) 251
(85,6) (86,6) 368
(86,6) (85,6) 340
(86,6) (87,6) 358
(87,6) (86,6) 36
(87,6) (88,6) 321
(88,6) (87,6) 19
(88,6) (89,6) 298
(89,6) (88,6) 346
(89,6) (90,6) 287
(90,6) (89,6) 205
(90,6) (91,6) 153
(91,6) (90,6) 200
(91,6) (92,6) 195
(92,6) (91,6) 61
(92,6) (93,6) 48
(93,6) (92,6) 344
(93,6) (94,6) 397
(94,6) (93,6) 96
(94,6) (95,6) 380
(95,6) (94,6) 336
(95,6) (96,6) 366
(96,6) (95,6) 124
(96,6) (97,6) 32
(97,6) (96,6) 295
(97,6) (98,6) 130
(98,6) (97,6) 225
(98,6) (99,6) 82
(99,6) (98,6) 232
(99,6) (100,6) 144
(100,6) (99,6) 315
(100,6) (101,6) 207
(101,6) (100,6) 210
(101,6) (102,6) 90
(102,6) (101,6) 385
(102,6) (103,6) 15
(103,6) (102,6) 89
(103,6) (104,6) 335
(104,6) (103,6) 125
(104,6) (105,6) 67
(105,6) (104,6) 141
(105,6) (106,6) 176
(106,6) (105,6) 296
(106,6) (107,6) 235
(107,6) (106,6) 196
(107,6) (108,6) 336
(108,6) (107,6) 193
(108,6) (109,6) 148
(109,6) (108,6) 151
(109,6) (110,6) 244
(110,6) (109,6) 202
(110,6) (111,6) 351
(111,6) (110,6) 390
(111,6) (112,6) 313
(112,6) (111,6) 384
(112,6) (113,6) 204
(113,6) (112,6) 329
(113,6) (114,6) 5
(114,6) (113,6) 149
(114,6) (115,6) 389
(115,6) (114,6) 372
(115,6) (116,6) 278
(116,6) (115,6) 363
(116,6) (117,6) 183
(117,6) (116,6) 165
(117,6) (118,6) 343
(118,6) (117,6) 142
(118,6) (119,6) 379
(119,6) (118,6) 237
(119,6) (120,6) 33
(120,6) (119,6) 95
(120,6) (121,6) 84
(121,6) (120,6) 89
(121,6) (122,6) 110
(122,6) (121,6) 89
(122,6) (123,6) 304
(123,6) (122,6) 141
(123,6) (124,6) 105
(124,6) (123,6) 18
(124,6) (125,6) 305
(125,6) (124,6) 124
(125,6) (126,6) 369
(126,6) (125,6) 240
(126,6) (127,6) 198
(127,6) (126,6) 390
(127,6) (128,6) 251
(128,6) (127,6) 5
(128,6) (129,6) 354
(129,6) (128,6) 237
(129,6) (130,6) 247
(130,6) (129,6) 40
(130,6) (131,6) 334
(131,6) (130,6) 118
(131,6) (132,6) 299
(132,6) (131,6) 305
(132,6) (133,6) 250
(133,6) (132,6) 345
(133,6) (134,6) 284
(134,6) (133,6) 385
(134,6) (135,6) 62
(135,6) (134,6) 197
(135,6) (136,6) 284
(136,6) (135,6) 332
(136,6) (137,6) 239
(137,6) (136,6) 372
(137,6) (138,6) 301
(138,6) (137,6) 52
(138,6) (139,6) 158
(139,6) (138,6) 229
(139,6) (140,6) 291
(140,6) (139,6) 195
(140,6) (141,6) 362
(141,6) (140,6) 12
(141,6) (142,6) 135
(142,6) (141,6) 21
(142,6) (143,6) 53
(143,6) (142,6) 178
(143,6) (144,6) 295
(144,6) (143,6) 159
(144,6) (145,6) 148
(145,6) (144,6) 42
(145,6) (146,6) 267
(146,6) (145,6) 336
(146,6) (147,6) 192
(147,6) (146,6) 210
(147,6) (148,6) 179
(148,6) (147,6) 306
(148,6) (149,6) 378
(149,6) (148,6) 130
(149,6) (150,6) 397
(150,6) (149,6) 269
(150,6) (151,6) 28
(151,6) (150,6) 36
(151,6) (152,6) 290
(152,6) (151,6) 281
(152,6) (153,6) 154
(153,6) (152,6) 111
(153,6) (154,6) 352
(154,6) (153,6) 301
(154,6) (155,6) 374
(155,6) (154,6) 178
(155,6) (156,6) 130
(156,6) (155,6) 265
(156,6) (157,6) 83
(157,6) (156,6) 250
(157,6) (158,6) 11
(158,6) (157,6) 204
(158,6) (159,6) 82
(159,6) (158,6) 272
(159,6) (160,6) 257
(160,6) (159,6) 291
(1,7) (2,7) 344
(2,7) (1,7) 194
(2,7) (3,7) 278
(3,7) (2,7) 399
(3,7) (4,7) 33
(4,7) (3,7) 60
(4,7) (5,7) 243
(5,7) (4,7) 353
(5,7) (6,7) 61
(6,7) (5,7) 83
(6,7) (7,7) 157
(7,7) (6,7) 341
(7,7) (8,7) 200
(8,7) (7,7) 30
(8,7) (9,7) 393
(9,7) (8,7) 216
(9,7) (10,7) 216
(10,7) (9,7) 113
(10,7) (11,7) 251
(11,7) (10,7) 296
(11,7) (12,7) 175
(12,7) (11,7) 183
(12,7) (13,7) 298
(13,7) (12,7) 103
(13,7) (14,7) 177
(14,7) (13,7) 331
(14,7) (15,7) 160
(15,7) (14,7) 26
(15,7) (16,7) 287
(16,7) (15,7) 211
(16,7) (17,7) 173
(17,7) (16,7) 68
(17,7) (18,7) 353
(18,7) (17,7) 170
(18,7) (19,7) 139
(19,7) (18,7) 186
(19,7) (20,7) 35
(20,7) (19,7) 297
(20,7) (21,7) 157
(21,7) (20,7) 307
(21,7) (22,7) 310
(22,7) (21,7) 257
(22,7) (23,7) 304
(23,7) (22,7) 110
(23,7) (24,7) 183
(24,7) (23,7) 55
(24,7) (25,7) 355
(25,7) (24,7) 176
(25,7) (26,7) 173
(26,7) (25,7) 172
(26,7) (27,7) 259
(27,7) (26,7) 168
(27,7) (28,7) 316
(28,7) (27,7) 184
(28,7) (29,7) 79
(29,7) (28,7) 337
(29,7) (30,7) 182
(30,7) (29,7) 19
(30,7) (31,7) 11
(31,7) (30,7) 84
(31,7) (32,7) 161
(32,7) (31,7) 207
(32,7) (33,7) 304
(33,7) (32,7) 7
(33,7) (34,7) 36
(34,7) (33,7) 165
(34,7) (35,7) 159
(35,7) (34,7) 229
(35,7) (36,7) 11
(36,7) (35,7) 315
(36,7) (37,7) 198
(37,7) (36,7) 219
(37,7) (38,7) 394
(38,7) (37,7) 383
(38,7) (39,7) 172
(39,7) (38,7) 45
(39,7) (40,7) 189
(40,7) (39,7) 211
(40,7) (41,7) 22
(41,7) (40,7) 19
(41,7) (42,7) 94
(42,7) (41,7) 341
(42,7) (43,7) 252
(43,7) (42,7) 131
(43,7) (44,7) 272
(44,7) (43,7) 137
(44,7) (45,7) 21
(45,7) (44,7) 44
(45,7) (46,7) 264
(46,7) (45,7) 69
(46,7) (47,7) 223
(47,7) (46,7) 300
(47,7) (48,7) 76
(48,7) (47,7) 73
(48,7) (49,7) 252
(49,7) (48,7) 31
(49,7) (50,7) 212
(50,7) (49,7) 41
(50,7) (51,7) 182
(51,7) (50,7) 388
(51,7) (52,7) 364
(52,7) (51,7) 168
(52,7) (53,7) 146
(53,7) (52,7) 93
(53,7) (54,7) 299
(54,7) (53,7) 50
(54,7) (55,7) 242
(55,7) (54,7) 4
(55,7) (56,7) 158
(56,7) (55,7) 359
(56,7) (57,7) 357
(57,7) (56,7) 293
(57,7) (58,7) 222
(58,7) (57,7) 287
(58,7) (59,7) 73
(59,7) (58,7) 76
(59,7) (60,7) 256
(60,7) (59,7) 94
(60,7) (61,7) 177
(61,7) (60,7) 123
(61,7) (62,7) 347
(62,7) (61,7) 86
(62,7) (63,7) 369
(63,7) (62,7) 375
(63,7) (64,7) 276
(64,7) (63,7) 307
(64,7) (65,7) 390
(65,7) (64,7) 48
(65,7) (66,7) 149
(66,7) (65,7) 231
(66,7) (67,7) 211
(67,7) (66,7) 235
(67,7) (68,7) 316
(68,7) (67,7) 211
(68,7) (69,7) 181
(69,7) (68,7) 334
(69,7) (70,7) 175
(70,7) (69,7) 286
(70,7) (71,7) 168
(71,7) (70,7) 136
(71,7) (72,7) 366
(72,7) (71,7) 357
(72,7) (73,7) 355
(73,7) (72,7) 234
(73,7) (74,7) 113
(74,7) (73,7) 95
(74,7) (75,7) 335
(75,7) (74,7) 390
(75,7) (76,7) 384
(76,7) (75,7) 300
(76,7) (77,7) 21
(77,7) (76,7) 370
(77,7) (78,7) 225
(78,7) (77,7) 202
(78,7) (79,7) 37
(79,7) (78,7) 233
(79,7) (80,7) 204
(80,7) (79,7) 51
(80,7) (81,7) 354
(81,7) (80,7) 127
(81,7) (82,7) 11
(82,7) (81,7) 214
(82,7) (83,7) 346
(83,7) (82,7) 190
(83,7) (84,7) 269
(84,7) (83,7) 80
(84,7) (85,7) 372
(85,7) (84,7) 274
(85,7) (86,7) 202
(86,7) (85,7) 247
(86,7) (87,7) 242
(87,7) (86,7) 157
(87,7) (88,7) 288
(88,7) (87,7) 99
(88,7) (89,7) 86
(89,7) (88,7) 359
(89,7) (90,7) 155
(90,7) (89,7) 57
(90,7) (91,7) 81
(91,7) (90,7) 374
(91,7) (92,7) 260
(92,7) (91,7) 230
(92,7) (93,7) 102
(93,7) (92,7) 374
(93,7) (94,7) 288
(94,7) (93,7) 372
(94,7) (95,7) 222
(95,7) (94,7) 102
(95,7) (96,7) 25
(96,7) (95,7) 252
(96,7) (97,7) 244
(97,7) (96,7) 367
(97,7) (98,7) 202
(98,7) (97,7) 168
(98,7) (99,7) 128
(99,7) (98,7) 385
(99,7) (100,7) 324
(100,7) (99,7) 275
(100,7) (101,7) 65
(101,7) (100,7) 283
(101,7) (102,7) 238
(102,7) (101,7) 16
(102,7) (103,7) 99
(103,7) (102,7) 359
(103,7) (104,7) 233
(104,7) (103,7) 100
(104,7) (105,7) 257
(105,7) (104,7) 256
(105,7) (106,7) 129
(106,7) (105,7) 257
(106,7) (107,7) 100
(107,7) (106,7) 224
(107,7) (108,7) 319
(108,7) (107,7) 63
(108,7) (109,7) 345
(109,7) (108,7) 11
(109,7) (110,7) 315
(110,7) (109,7) 153
(110,7) (111,7) 208
(111,7) (110,7) 242
(111,7) (112,7) 303
(112,7) (111,7) 50
(112,7) (113,7) 304
(113,7) (112,7) 148
(113,7) (114,7) 151
(114,7) (113,7) 98
(114,7) (115,7) 121
(115,7) (114,7) 104
(115,7) (116,7) 53
(116,7) (115,7) 49
(116,7) (117,7) 114
(117,7) (116,7) 239
(117,7) (118,7) 145
(118,7) (117,7) 286
(118,7) (119,7) 96
(119,7) (118,7) 233
(119,7) (120,7) 317
(120,7) (119,7) 252
(120,7) (121,7) 360
(121,7) (120,7) 151
(121,7) (122,7) 38
(122,7) (121,7) 154
(122,7) (123,7) 395
(123,7) (122,7) 57
(123,7) (124,7) 246
(124,7) (123,7) 189
(124,7) (125,7) 144
(125,7) (124,7) 195
(125,7) (126,7) 215
(126,7) (125,7) 157
(126,7) (127,7) 384
(127,7) (126,7) 384
(127,7) (128,7) 306
(128,7) (127,7) 25
(128,7) (129,7) 347
(129,7) (128,7) 51
(129,7) (130,7) 54
(130,7) (129,7) 71
(130,7) (131,7) 88
(131,7) (130,7) 278
(131,7) (132,7) 164
(132,7) (131,7) 12
(132,7) (133,7) 57
(133,7) (132,7) 242
(133,7) (134,7) 246
(134,7) (133,7) 68
(134,7) (135,7) 204
(135,7) (134,7) 185
(135,7) (136,7) 208
(136,7) (135,7) 255
(136,7) (137,7) 190
(137,7) (136,7) 35
(137,7) (138,7) 398
(138,7) (137,7) 153
(138,7) (139,7) 203
(139,7) (138,7) 211
(139,7) (140,7) 237
(140,7) (139,7) 387
(140,7) (141,7) 193
(141,7) (140,7) 229
(141,7) (142,7) 375
(142,7) (141,7) 19
(142,7) (143,7) 338
(143,7) (142,7) 358
(143,7) (144,7) 70
(144,7) (143,7) 357
(144,7) (145,7) 215
(145,7) (144,7) 16
(145,7) (146,7) 393
(146,7) (145,7) 44
(146,7) (147,7) 97
(147,7) (146,7) 273
(147,7) (148,7) 20
(148,7) (147,7) 26
(148,7) (149,7) 43
(149,7) (148,7) 55
(149,7) (150,7) 209
(150,7) (149,7) 247
(150,7) (151,7) 284
(151,7) (150,7) 58
(151,7) (152,7) 117
(152,7) (151,7) 81
(152,7) (153,7) 393
(153,7) (152,7) 117
(153,7) (154,7) 382
(154,7) (153,7) 369
(154,7) (155,7) 135
(155,7) (154,7) 35
(155,7) (156,7) 136
(156,7) (155,7) 310
(156,7) (157,7) 302
(157,7) (156,7) 82
(157,7) (158,7) 319
(158,7) (157,7) 160
(158,7) (159,7) 201
(159,7) (158,7) 295
(159,7) (160,7) 238
(160,7) (159,7) 11
(1,8) (2,8) 185
(2,8) (1,8) 78
(2,8) (3,8) 38
(3,8) (2,8) 309
(3,8) (4,8) 105
(4,8) (3,8) 59
(4,8) (5,8) 10
(5,8) (4,8) 350
(5,8) (6,8) 93
(6,8) (5,8) 146
(6,8) (7,8) 151
(7,8) (6,8) 123
(7,8) (8,8) 84
(8,8) (7,8) 143
(8,8) (9,8) 145
(9,8) (8,8) 215
(9,8) (10,8) 92
(10,8) (9,8) 83
(10,8) (11,8) 329
(11,8) (10,8) 391
(11,8) (12,8) 196
(12,8) (11,8) 108
(12,8) (13,8) 187
(13,8) (12,8) 328
(13,8) (14,8) 332
(14,8) (13,8) 400
(14,8) (15,8) 387
(15,8) (14,8) 40
(15,8) (16,8) 313
(16,8) (15,8) 326
(16,8) (17,8) 319
(17,8) (16,8) 173
(17,8) (18,8) 6
(18,8) (17,8) 369
(18,8) (19,8) 352
(19,8) (18,8) 133
(19,8) (20,8) 132
(20,8) (19,8) 201
(20,8) (21,8) 362
(21,8) (20,8) 220
(21,8) (22,8) 369
(22,8) (21,8) 296
(22,8) (23,8) 187
(23,8) (22,8) 388
(23,8) (24,8) 7
(24,8) (23,8) 270
(24,8) (25,8) 152
(25,8) (24,8) 164
(25,8) (26,8) 283
(26,8) (25,8) 385
(26,8) (27,8) 355
(27,8) (26,8) 31
(27,8) (28,8) 134
(28,8) (27,8) 388
(28,8) (29,8) 185
(29,8) (28,8) 31
(29,8) (30,8) 128
(30,8) (29,8) 275
(30,8) (31,8) 184
(31,8) (30,8) 126
(31,8) (32,8) 152
(32,8) (31,8) 184
(32,8) (33,8) 221
(33,8) (32,8) 113
(33,8) (34,8) 176
(34,8) (33,8) 77
(34,8) (35,8) 379
(35,8) (34,8) 370
(35,8) (36,8) 325
(36,8) (35,8) 319
(36,8) (37,8) 376
(37,8) (36,8) 200
(37,8) (38,8) 285
(38,8) (37,8) 108
(38,8) (39,8) 241
(39,8) (38,8) 133
(39,8) (40,8) 201
(40,8) (39,8) 57
(40,8) (41,8) 206
(41,8) (40,8) 107
(41,8) (42,8) 170
(42,8) (41,8) 18
(42,8) (43,8) 384
(43,8) (42,8) 364
(43,8) (44,8) 80
(44,8) (43,8) 142
(44,8) (45,8) 263
(45,8) (44,8) 190
(45,8) (46,8) 125
(46,8) (45,8) 397
(46,8) (47,8) 32
(47,8) (46,8) 151
(47,8) (48,8) 295
(48,8) (47,8) 210
(48,8) (49,8) 380
(49,8) (48,8) 58
(49,8) (50,8) 317
(50,8) (49,8) 151
(50,8) (51,8) 60
(51,8) (50,8) 301
(51,8) (52,8) 81
(52,8) (51,8) 2
(52,8) (53,8) 23
(53,8) (52,8) 38
(53,8) (54,8) 3
(54,8) (53,8) 290
(54,8) (55,8) 142
(55,8) (54,8) 2
(55,8) (56,8) 383
(56,8) (55,8) 5
(56,8) (57,8) 167
(57,8) (56,8) 18
(57,8) (58,8) 61
(58,8) (57,8) 314
(58,8) (59,8) 37
(59,8) (58,8) 227
(59,8) (60,8) 246
(60,8) (59,8) 365
(60,8) (61,8) 9
(61,8) (60,8) 24
(61,8) (62,8) 246
(62,8) (61,8) 277
(62,8) (63,8) 258
(63,8) (62,8) 166
(63,8) (64,8) 189
(64,8) (63,8) 182
(64,8) (65,8) 239
(65,8) (64,8) 124
(65,8) (66,8) 79
(66,8) (65,8) 163
(66,8) (67,8) 101
(67,8) (66,8) 221
(67,8) (68,8) 43
(68,8) (67,8) 372
(68,8) (69,8) 237
(69,8) (68,8) 27
(69,8) (70,8) 393
(70,8) (69,8) 143
(70,8) (71,8) 260
(71,8) (70,8) 337
(71,8) (72,8) 172
(72,8) (71,8) 6
(72,8) (73,8) 54
(73,8) (72,8) 61
(73,8) (74,8) 56
(74,8) (73,8) 189
(74,8) (75,8) 213
(75,8) (74,8) 344
(75,8) (76,8) 29
(76,8) (75,8) 183
(76,8) (77,8) 227
(77,8) (76,8) 83
(77,8) (78,8) 225
(78,8) (77,8) 140
(78,8) (79,8) 319
(79,8) (78,8) 113
(79,8) (80,8) 235
(80,8) (79,8) 361
(80,8) (81,8) 27
(81,8) (80,8) 283
(81,8) (82,8) 91
(82,8) (81,8) 324
(82,8) (83,8) 396
(83,8) (82,8) 388
(83,8) (84,8) 200
(84,8) (83,8) 138
(84,8) (85,8) 316
(85,8) (84,8) 137
(85,8) (86,8) 274
(86,8) (85,8) 246
(86,8) (87,8) 42
(87,8) (86,8) 36
(87,8) (88,8) 262
(88,8) (87,8) 32
(88,8) (89,8) 384
(89,8) (88,8) 110
(89,8) (90,8) 351
(90,8) (89,8) 272
(90,8) (91,8) 308
(91,8) (90,8) 350
(91,8) (92,8) 121
(92,8) (91,8) 366
(92,8) (93,8) 344
(93,8) (92,8) 35
(93,8) (94,8) 16
(94,8) (93,8) 88
(94,8) (95,8) 77
(95,8) (94,8) 217
(95,8) (96,8) 120
(96,8) (95,8) 191
(96,8) (97,8) 4
(97,8) (96,8) 268
(97,8) (98,8) 198
(98,8) (97,8) 158
(98,8) (99,8) 325
(99,8) (98,8) 6
(99,8) (100,8) 123
(100,8) (99,8) 343
(100,8) (101,8) 200
(101,8) (100,8) 278
(101,8) (102,8) 1
(102,8) (101,8) 380
(102,8) (103,8) 353
(103,8) (102,8) 32
(103,8) (104,8) 46
(104,8) (103,8) 247
(104,8) (105,8) 9
(105,8) (104,8) 122
(105,8) (106,8) 22
(106,8) (105,8) 343
(106,8) (107,8) 23
(107,8) (106,8) 10
(107,8) (108,8) 365
(108,8) (107,8) 359
(108,8) (109,8) 381
(109,8) (108,8) 154
(109,8) (110,8) 137
(110,8) (109,8) 205
(110,8) (111,8) 111
(111,8) (110,8) 357
(111,8) (112,8) 181
(112,8) (111,8) 12
(112,8) (113,8) 94
(113,8) (112,8) 161
(113,8) (114,8) 179
(114,8) (113,8) 230
(114,8) (115,8) 275
(115,8) (114,8) 105
(115,8) (116,8) 153
(116,8) (115,8) 305
(116,8) (117,8) 151
(117,8) (116,8) 181
(117,8) (118,8) 364
(118,8) (117,8) 276
(118,8) (119,8) 287
(119,8) (118,8) 120
(119,8) (120,8) 90
(120,8) (119,8) 351
(120,8) (121,8) 261
(121,8) (120,8) 102
(121,8) (122,8) 193
(122,8) (121,8) 325
(122,8) (123,8) 289
(123,8) (122,8) 288
(123,8) (124,8) 237
(124,8) (123,8) 263
(124,8) (125,8) 342
(125,8) (124,8) 238
(125,8) (126,8) 143
(126,8) (125,8) 397
(126,8) (127,8) 9
(127,8) (126,8) 215
(127,8) (128,8) 57
(128,8) (127,8) 3
(128,8) (129,8) 365
(129,8) (128,8) 96
(129,8) (130,8) 373
(130,8) (129,8) 111
(130,8) (131,8) 42
(131,8) (130,8) 223
(131,8) (132,8) 261
(132,8) (131,8) 363
(132,8) (133,8) 251
(133,8) (132,8) 138
(133,8) (134,8) 6
(134,8) (133,8) 259
(134,8) (135,8) 150
(135,8) (134,8) 369
(135,8) (136,8) 318
(136,8) (135,8) 140
(136,8) (137,8) 55
(137,8) (136,8) 165
(137,8) (138,8) 212
(138,8) (137,8) 78
(138,8) (139,8) 294
(139,8) (138,8) 131
(139,8) (140,8) 254
(140,8) (139,8) 64
(140,8) (141,8) 311
(141,8) (140,8) 113
(141,8) (142,8) 181
(142,8) (141,8) 303
(142,8) (143,8) 80
(143,8) (142,8) 36
(143,8) (144,8) 326
(144,8) (143,8) 266
(144,8) (145,8) 340
(145,8) (144,8) 364
(145,8) (146,8) 178
(146,8) (145,8) 77
(146,8) (147,8) 190
(147,8) (146,8) 348
(147,8) (148,8) 180
(148,8) (147,8) 200
(148,8) (149,8) 394
(149,8) (148,8) 233
(149,8) (150,8) 210
(150,8) (149,8) 28
(150,8) (151,8) 77
(151,8) (150,8) 15
(151,8) (152,8) 109
(152,8) (151,8) 353
(152,8) (153,8) 4
(153,8) (152,8) 331
(153,8) (154,8) 131
(154,8) (153,8) 119
(154,8) (155,8) 186
(155,8) (154,8) 344
(155,8) (156,8) 164
(156,8) (155,8) 247
(156,8) (157,8) 164
(157,8) (156,8) 9
(157,8) (158,8) 193
(158,8) (157,8) 132
(158,8) (159,8) 214
(159,8) (158,8) 32
(159,8) (160,8) 128
(160,8) (159,8) 36
(1,9) (2,9) 280
(2,9) (1,9) 201
(2,9) (3,9) 348
(3,9) (2,9) 341
(3,9) (4,9) 339
(4,9) (3,9) 278
(4,9) (5,9) 202
(5,9) (4,9) 30
(5,9) (6,9) 342
(6,9) (5,9) 327
(6,9) (7,9) 70
(7,9) (6,9) 355
(7,9) (8,9) 229
(8,9) (7,9) 389
(8,9) (9,9) 188
(9,9) (8,9) 340
(9,9) (10,9) 177
(10,9) (9,9) 28
(10,9) (11,9) 82
(11,9) (10,9) 339
(11,9) (12,9) 370
(12,9) (11,9) 307
(12,9) (13,9) 162
(13,9) (12,9) 80
(13,9) (14,9) 192
(14,9) (13,9) 89
(14,9) (15,9) 326
(15,9) (14,9) 162
(15,9) (16,9) 273
(16,9) (15,9) 286
(16,9) (17,9) 380
(17,9) (16,9) 4
(17,9) (18,9) 77
(18,9) (17,9) 75
(18,9) (19,9) 25
(19,9) (18,9) 90
(19,9) (20,9) 30
(20,9) (19,9) 47
(20,9) (21,9) 234
(21,9) (20,9) 15
(21,9) (22,9) 355
(22,9) (21,9) 230
(22,9) (23,9) 309
(23,9) (22,9) 45
(23,9) (24,9) 164
(24,9) (23,9) 8
(24,9) (25,9) 334
(25,9) (24,9) 151
(25,9) (26,9) 223
(26,9) (25,9) 92
(26,9) (27,9) 261
(27,9) (26,9) 310
(27,9) (28,9) 369
(28,9) (27,9) 167
(28,9) (29,9) 205
(29,9) (28,9) 94
(29,9) (30,9) 240
(30,9) (29,9) 245
(30,9) (31,9) 296
(31,9) (30,9) 285
(31,9) (32,9) 53
(32,9) (31,9) 211
(32,9) (33,9) 62
(33,9) (32,9) 208
(33,9) (34,9) 167
(34,9) (33,9) 198
(34,9) (35,9) 156
(35,9) (34,9) 33
(35,9) (36,9) 354
(36,9) (35,9) 59
(36,9) (37,9) 88
(37,9) (36,9) 384
(37,9) (38,9) 263
(38,9) (37,9) 76
(38,9) (39,9) 243
(39,9) (38,9) 109
(39,9) (40,9) 237
(40,9) (39,9) 252
(40,9) (41,9) 152
(41,9) (40,9) 112
(41,9) (42,9) 197
(42,9) (41,9) 335
(42,9) (43,9) 209
(43,9) (42,9) 293
(43,9) (44,9) 395
(44,9) (43,9) 73
(44,9) (45,9) 72
(45,9) (44,9) 279
(45,9) (46,9) 56
(46,9) (45,9) 242
(46,9) (47,9) 379
(47,9) (46,9) 232
(47,9) (48,9) 181
(48,9) (47,9) 354
(48,9) (49,9) 9
(49,9) (48,9) 266
(49,9) (50,9) 170
(50,9) (49,9) 95
(50,9) (51,9) 313
(51,9) (50,9) 205
(51,9) (52,9) 308
(52,9) (51,9) 191
(52,9) (53,9) 73
(53,9) (52,9) 246
(53,9) (54,9) 228
(54,9) (53,9) 140
(54,9) (55,9) 340
(55,9) (54,9) 136
(55,9) (56,9) 132
(56,9) (55,9) 292
(56,9) (57,9) 333
(57,9) (56,9) 65
(57,9) (58,9) 53
(58,9) (57,9) 90
(58,9) (59,9) 40
(59,9) (58,9) 19
(59,9) (60,9) 389
(60,9) (59,9) 381
(60,9) (61,9) 136
(61,9) (60,9) 78
(61,9) (62,9) 348
(62,9) (61,9) 370
(62,9) (63,9) 83
(63,9) (62,9) 183
(63,9) (64,9) 373
(64,9) (63,9) 240
(64,9) (65,9) 369
(65,9) (64,9) 7
(65,9) (66,9) 137
(66,9) (65,9) 200
(66,9) (67,9) 339
(67,9) (66,9) 163
(67,9) (68,9) 70
(68,9) (67,9) 63
(68,9) (69,9) 161
(69,9) (68,9) 243
(69,9) (70,9) 175
(70,9) (69,9) 58
(70,9) (71,9) 380
(71,9) (70,9) 32
(71,9) (72,9) 222
(72,9) (71,9) 341
(72,9) (73,9) 226
(73,9) (72,9) 191
(73,9) (74,9) 325
(74,9) (73,9) 384
(74,9) (75,9) 47
(75,9) (74,9) 389
(75,9) (76,9) 193
(76,9) (75,9) 278
(76,9) (77,9) 208
(77,9) (76,9) 358
(77,9) (78,9) 367
(78,9) (77,9) 379
(78,9) (79,9) 51
(79,9) (78,9) 383
(79,9) (80,9) 169
(80,9) (79,9) 241
(80,9) (81,9) 219
(81,9) (80,9) 379
(81,9) (82,9) 233
(82,9) (81,9) 7
(82,9) (83,9) 192
(83,9) (82,9) 197
(83,9) (84,9) 398
(84,9) (83,9) 15
(84,9) (85,9) 323
(85,9) (84,9) 204
(85,9) (86,9) 108
(86,9) (85,9) 330
(86,9) (87,9) 399
(87,9) (86,9) 284
(87,9) (88,9) 94
(88,9) (87,9) 195
(88,9) (89,9) 138
(89,9) (88,9) 366
(89,9) (90,9) 230
(90,9) (89,9) 341
(90,9) (91,9) 363
(91,9) (90,9) 382
(91,9) (92,9) 373
(92,9) (91,9) 137
(92,9) (93,9) 389
(93,9) (92,9) 5
(93,9) (94,9) 391
(94,9) (93,9) 79
(94,9) (95,9) 305
(95,9) (94,9) 243
(95,9) (96,9) 5
(96,9) (95,9) 313
(96,9) (97,9) 395
(97,9) (96,9) 250
(97,9) (98,9) 318
(98,9) (97,9) 383
(98,9) (99,9) 19
(99,9) (98,9) 346
(99,9) (100,9) 399
(100,9) (99,9) 386
(100,9) (101,9) 324
(101,9) (100,9) 244
(101,9) (102,9) 287
(102,9) (101,9) 337
(102,9) (103,9) 193
(103,9) (102,9) 254
(103,9) (104,9) 280
(104,9) (103,9) 369
(104,9) (105,9) 218
(105,9) (104,9) 370
(105,9) (106,9) 175
(106,9) (105,9) 365
(106,9) (107,9) 222
(107,9) (106,9) 83
(107,9) (108,9) 213
(108,9) (107,9) 362
(108,9) (109,9) 43
(109,9) (108,9) 365
(109,9) (110,9) 70
(110,9) (109,9) 196
(110,9) (111,9) 16
(111,9) (110,9) 199
(111,9) (112,9) 238
(112,9) (111,9) 107
(112,9) (113,9) 372
(113,9) (112,9) 152
(113,9) (114,9) 11
(114,9) (113,9) 212
(114,9) (115,9) 80
(115,9) (114,9) 211
(115,9) (116,9) 30
(116,9) (115,9) 205
(116,9) (117,9) 247
(117,9) (116,9) 1
(117,9) (118,9) 43
(118,9) (117,9) 337
(118,9) (119,9) 198
(119,9) (118,9) 58
(119,9) (120,9) 32
(120,9) (119,9) 212
(120,9) (121,9) 37
(121,9) (120,9) 399
(121,9) (122,9) 211
(122,9) (121,9) 396
(122,9) (123,9) 141
(123,9) (122,9) 183
(123,9) (124,9) 35
(124,9) (123,9) 236
(124,9) (125,9) 148
(125,9) (124,9) 307
(125,9) (126,9) 48
(126,9) (125,9) 206
(126,9) (127,9) 356
(127,9) (126,9) 16
(127,9) (128,9) 55
(128,9) (127,9) 363
(128,9) (129,9) 379
(129,9) (128,9) 153
(129,9) (130,9) 326
(130,9) (129,9) 186
(130,9) (131,9) 251
(131,9) (130,9) 167
(131,9) (132,9) 46
(132,9) (131,9) 228
(132,9) (133,9) 320
(133,9) (132,9) 22
(133,9) (134,9) 310
(134,9) (133,9) 272
(134,9) (135,9) 194
(135,9) (134,9) 148
(135,9) (136,9) 59
(136,9) (135,9) 112
(136,9) (137,9) 176
(137,9) (136,9) 185
(137,9) (138,9) 149
(138,9) (137,9) 38
(138,9) (139,9) 317
(139,9) (138,9) 94
(139,9) (140,9) 341
(140,9) (139,9) 52
(140,9) (141,9) 39
(141,9) (140,9) 172
(141,9) (142,9) 235
(142,9) (141,9) 31
(142,9) (143,9) 145
(143,9) (142,9) 97
(143,9) (144,9) 277
(144,9) (143,9) 175
(144,9) (145,9) 195
(145,9) (144,9) 337
(145,9) (146,9) 1
(146,9) (145,9) 22
(146,9) (147,9) 376
(147,9) (146,9) 151
(147,9) (148,9) 307
(148,9) (147,9) 186
(148,9) (149,9) 229
(149,9) (148,9) 391
(149,9) (150,9) 290
(150,9) (149,9) 161
(150,9) (151,9) 73
(151,9) (150,9) 49
(151,9) (152,9) 268
(152,9) (151,9) 328
(152,9) (153,9) 63
(153,9) (152,9) 100
(153,9) (154,9) 346
(154,9) (153,9) 32
(154,9) (155,9) 64
(155,9) (154,9) 77
(155,9) (156,9) 335
(156,9) (155,9) 245
(156,9) (157,9) 214
(157,9) (156,9) 154
(157,9) (158,9) 393
(158,9) (157,9) 60
(158,9) (159,9) 316
(159,9) (158,9) 367
(159,9) (160,9) 138
(160,9) (159,9) 169
(1,10) (2,10) 337
(2,10) (1,10) 388
(2,10) (3,10) 145
(3,10) (2,10) 42
(3,10) (4,10) 251
(4,10) (3,10) 233
(4,10) (5,10) 321
(5,10) (4,10) 52
(5,10) (6,10) 375
(6,10) (5,10) 359
(6,10) (7,10) 275
(7,10) (6,10) 392
(7,10) (8,10) 223
(8,10) (7,10) 117
(8,10) (9,10) 391
(9,10) (8,10) 33
(9,10) (10,10) 341
(10,10) (9,10) 179
(10,10) (11,10) 118
(11,10) (10,10) 284
(11,10) (12,10) 172
(12,10) (11,10) 375
(12,10) (13,10) 227
(13,10) (12,10) 164
(13,10) (14,10) 325
(14,10) (13,10) 162
(14,10) (15,10) 288
(15,10) (14,10) 362
(15,10) (16,10) 359
(16,10) (15,10) 237
(16,10) (17,10) 188
(17,10) (16,10) 174
(17,10) (18,10) 328
(18,10) (17,10) 5
(18,10) (19,10) 346
(19,10) (18,10) 364
(19,10) (20,10) 248
(20,10) (19,10) 48
(20,10) (21,10) 333
(21,10) (20,10) 229
(21,10) (22,10) 221
(22,10) (21,10) 363
(22,10) (23,10) 383
(23,10) (22,10) 313
(23,10) (24,10) 152
(24,10) (23,10) 243
(24,10) (25,10) 193
(25,10) (24,10) 318
(25,10) (26,10) 262
(26,10) (25,10) 332
(26,10) (27,10) 141
(27,10) (26,10) 144
(27,10) (28,10) 195
(28,10) (27,10) 400
(28,10) (29,10) 199
(29,10) (28,10) 37
(29,10) (30,10) 121
(30,10) (29,10) 167
(30,10) (31,10) 306
(31,10) (30,10) 315
(31,10) (32,10) 135
(32,10) (31,10) 240
(32,10) (33,10) 398
(33,10) (32,10) 353
(33,10) (34,10) 301
(34,10) (33,10) 170
(34,10) (35,10) 191
(35,10) (34,10) 15
(35,10) (36,10) 387
(36,10) (35,10) 81
(36,10) (37,10) 26
(37,10) (36,10) 83
(37,10) (38,10) 392
(38,10) (37,10) 40
(38,10) (39,10) 360
(39,10) (38,10) 72
(39,10) (40,10) 360
(40,10) (39,10) 335
(40,10) (41,10) 109
(41,10) (40,10) 148
(41,10) (42,10) 7
(42,10) (41,10) 369
(42,10) (43,10) 82
(43,10) (42,10) 191
(43,10) (44,10) 11
(44,10) (43,10) 141
(44,10) (45,10) 158
(45,10) (44,10) 332
(45,10) (46,10) 326
(46,10) (45,10) 79
(46,10) (47,10) 275
(47,10) (46,10) 245
(47,10) (48,10) 368
(48,10) (47,10) 331
(48,10) (49,10) 181
(49,10) (48,10) 167
(49,10) (50,10) 51
(50,10) (49,10) 325
(50,10) (51,10) 389
(51,10) (50,10) 103
(51,10) (52,10) 80
(52,10) (51,10) 15
(52,10) (53,10) 396
(53,10) (52,10) 399
(53,10) (54,10) 399
(54,10) (53,10) 128
(54,10) (55,10) 371
(55,10) (54,10) 138
(55,10) (56,10) 147
(56,10) (55,10) 94
(56,10) (57,10) 303
(57,10) (56,10) 295
(57,10) (58,10) 316
(58,10) (57,10) 248
(58,10) (59,10) 106
(59,10) (58,10) 157
(59,10) (60,10) 358
(60,10) (59,10) 322
(60,10) (61,10) 28
(61,10) (60,10) 252
(61,10) (62,10) 143
(62,10) (61,10) 109
(62,10) (63,10) 313
(63,10) (62,10) 315
(63,10) (64,10) 118
(64,10) (63,10) 114
(64,10) (65,10) 148
(65,10) (64,10) 308
(65,10) (66,10) 207
(66,10) (65,10) 379
(66,10) (67,10) 65
(67,10) (66,10) 104
(67,10) (68,10) 35
(68,10) (67,10) 367
(68,10) (69,10) 199
(69,10) (68,10) 176
(69,10) (70,10) 276
(70,10) (69,10) 88
(70,10) (71,10) 68
(71,10) (70,10) 337
(71,10) (72,10) 381
(72,10) (71,10) 211
(72,10) (73,10) 107
(73,10) (72,10) 123
(73,10) (74,10) 8
(74,10) (73,10) 371
(74,10) (75,10) 329
(75,10) (74,10) 382
(75,10) (76,10) 362
(76,10) (75,10) 1
(76,10) (77,10) 70
(77,10) (76,10) 186
(77,10) (78,10) 153
(78,10) (77,10) 52
(78,10) (79,10) 166
(79,10) (78,10) 290
(79,10) (80,10) 253
(80,10) (79,10) 106
(80,10) (81,10) 207
(81,10) (80,10) 59
(81,10) (82,10) 52
(82,10) (81,10) 160
(82,10) (83,10) 356
(83,10) (82,10) 118
(83,10) (84,10) 176
(84,10) (83,10) 292
(84,10) (85,10) 272
(85,10) (84,10) 88
(85,10) (86,10) 187
(86,10) (85,10) 132
(86,10) (87,10) 111
(87,10) (86,10) 275
(87,10) (88,10) 347
(88,10) (87,10) 66
(88,10) (89,10) 198
(89,10) (88,10) 291
(89,10) (90,10) 320
(90,10) (89,10) 183
(90,10) (91,10) 131
(91,10) (90,10) 391
(91,10) (92,10) 265
(92,10) (91,10) 369
(92,10) (93,10) 143
(93,10) (92,10) 393
(93,10) (94,10) 119
(94,10) (93,10) 26
(94,10) (95,10) 287
(95,10) (94,10) 236
(95,10) (96,10) 234
(96,10) (95,10) 150
(96,10) (97,10) 138
(97,10) (96,10) 177
(97,10) (98,10) 23
(98,10) (97,10) 393
(98,10) (99,10) 373
(99,10) (98,10) 246
(99,10) (100,10) 331
(100,10) (99,10) 82
(100,10) (101,10) 170
(101,10) (100,10) 140
(101,10) (102,10) 105
(102,10) (101,10) 184
(102,10) (103,10) 343
(103,10) (102,10) 163
(103,10) (104,10) 303
(104,10) (103,10) 352
(104,10) (105,10) 291
(105,10) (104,10) 308
(105,10) (106,10) 359
(106,10) (105,10) 104
(106,10) (107,10) 219
(107,10) (106,10) 90
(107,10) (108,10) 57
(108,10) (107,10) 227
(108,10) (109,10) 347
(109,10) (108,10) 190
(109,10) (110,10) 254
(110,10) (109,10) 209
(110,10) (111,10) 152
(111,10) (110,10) 62
(111,10) (112,10) 47
(112,10) (111,10) 314
(112,10) (113,10) 234
(113,10) (112,10) 58
(113,10) (114,10) 348
(114,10) (113,10) 184
(114,10) (115,10) 167
(115,10) (114,10) 107
(115,10) (116,10) 280
(116,10) (115,10) 30
(116,10) (117,10) 185
(117,10) (116,10) 143
(117,10) (118,10) 241
(118,10) (117,10) 56
(118,10) (119,10) 18
(119,10) (118,10) 69
(119,10) (120,10) 174
(120,10) (119,10) 384
(120,10) (121,10) 358
(121,10) (120,10) 65
(121,10) (122,10) 290
(122,10) (121,10) 346
(122,10) (123,10) 215
(123,10) (122,10) 109
(123,10) (124,10) 317
(124,10) (123,10) 109
(124,10) (125,10) 46
(125,10) (124,10) 269
(125,10) (126,10) 81
(126,10) (125,10) 351
(126,10) (127,10) 357
(127,10) (126,10) 77
(127,10) (128,10) 257
(128,10) (127,10) 315
(128,10) (129,10) 257
(129,10) (128,10) 9
(129,10) (130,10) 118
(130,10) (129,10) 370
(130,10) (131,10) 77
(131,10) (130,10) 104
(131,10) (132,10) 11
(132,10) (131,10) 331
(132,10) (133,10) 178
(133,10) (132,10) 38
(133,10) (134,10) 168
(134,10) (133,10) 88
(134,10) (135,10) 322
(135,10) (134,10) 253
(135,10) (136,10) 349
(136,10) (135,10) 103
(136,10) (137,10) 148
(137,10) (136,10) 368
(137,10) (138,10) 148
(138,10) (137,10) 289
(138,10) (139,10) 121
(139,10) (138,10) 3
(139,10) (140,10) 232
(140,10) (139,10) 354
(140,10) (141,10) 93
(141,10) (140,10) 266
(141,10) (142,10) 149
(142,10) (141,10) 22
(142,10) (143,10) 313
(143,10) (142,10) 300
(143,10) (144,10) 69
(144,10) (143,10) 61
(144,10) (145,10) 262
(145,10) (144,10) 259
(145,10) (146,10) 105
(146,10) (145,10) 90
(146,10) (147,10) 92
(147,10) (146,10) 227
(147,10) (148,10) 361
(148,10) (147,10) 158
(148,10) (149,10) 136
(149,10) (148,10) 21
(149,10) (150,10) 290
(150,10) (149,10) 267
(150,10) (151,10) 396
(151,10) (150,10) 304
(151,10) (152,10) 110
(152,10) (151,10) 152
(152,10) (153,10) 256
(153,10) (152,10) 178
(153,10) (154,10) 66
(154,10) (153,10) 49
(154,10) (155,10) 70
(155,10) (154,10) 400
(155,10) (156,10) 64
(156,10) (155,10) 7
(156,10) (157,10) 59
(157,10) (156,10) 24
(157,10) (158,10) 269
(158,10) (157,10) 331
(158,10) (159,10) 25
(159,10) (158,10) 191
(159,10) (160,10) 173
(160,10) (159,10) 258
(1,10) t 378
(2,10) t 252
(3,10) t 250
(4,10) t 6
(5,10) t 280
(6,10) t 192
(7,10) t 292
(8,10) t 266
(9,10) t 255
(10,10) t 128
(11,10) t 130
(12,10) t 167
(13,10) t 67
(14,10) t 64
(15,10) t 230
(16,10) t 343
(17,10) t 238
(18,10) t 286
(19,10) t 223
(20,10) t 365
(21,10) t 65
(22,10) t 104
(23,10) t 200
(24,10) t 127
(25,10) t 28
(26,10) t 43
(27,10) t 238
(28,10) t 306
(29,10) t 153
(30,10) t 378
(31,10) t 190
(32,10) t 321
(33,10) t 67
(34,10) t 231
(35,10) t 397
(36,10) t 393
(37,10) t 100
(38,10) t 177
(39,10) t 209
(40,10) t 339
(41,10) t 235
(42,10) t 90
(43,10) t 301
(44,10) t 191
(45,10) t 365
(46,10) t 323
(47,10) t 282
(48,10) t 73
(49,10) t 354
(50,10) t 166
(51,10) t 336
(52,10) t 59
(53,10) t 128
(54,10) t 48
(55,10) t 132
(56,10) t 319
(57,10) t 5
(58,10) t 137
(59,10) t 27
(60,10) t 159
(61,10) t 317
(62,10) t 49
(63,10) t 381
(64,10) t 155
(65,10) t 340
(66,10) t 41
(67,10) t 117
(68,10) t 198
(69,10) t 53
(70,10) t 235
(71,10) t 373
(72,10) t 190
(73,10) t 369
(74,10) t 103
(75,10) t 230
(76,10) t 54
(77,10) t 252
(78,10) t 364
(79,10) t 284
(80,10) t 241
(81,10) t 81
(82,10) t 175
(83,10) t 152
(84,10) t 29
(85,10) t 309
(86,10) t 58
(87,10) t 72
(88,10) t 122
(89,10) t 73
(90,10) t 308
(91,10) t 265
(92,10) t 86
(93,10) t 137
(94,10) t 249
(95,10) t 348
(96,10) t 70
(97,10) t 289
(98,10) t 166
(99,10) t 6
(100,10) t 307
(101,10) t 288
(102,10) t 371
(103,10) t 290
(104,10) t 366
(105,10) t 212
(106,10) t 61
(107,10) t 97
(108,10) t 129
(109,10) t 53
(110,10) t 111
(111,10) t 354
(112,10) t 196
(113,10) t 110
(114,10) t 284
(115,10) t 76
(116,10) t 361
(117,10) t 53
(118,10) t 252
(119,10) t 360
(120,10) t 181
(121,10) t 220
(122,10) t 145
(123,10) t 43
(124,10) t 59
(125,10) t 112
(126,10) t 148
(127,10) t 225
(128,10) t 214
(129,10) t 303
(130,10) t 321
(131,10) t 326
(132,10) t 274
(133,10) t 342
(134,10) t 28
(135,10) t 205
(136,10) t 120
(137,10) t 280
(138,10) t 238
(139,10) t 116
(140,10) t 52
(141,10) t 267
(142,10) t 272
(143,10) t 30
(144,10) t 325
(145,10) t 269
(146,10) t 98
(147,10) t 224
(148,10) t 273
(149,10) t 116
(150,10) t 169
(151,10) t 104
(152,10) t 18
(153,10) t 114
(154,10) t 387
(155,10) t 358
(156,10) t 273
(157,10) t 39
(158,10) t 344
(159,10) t 382
(160,10) t 365
