s (1,1) 600
s (2,1) 600
s (3,1) 600
s (4,1) 600
s (5,1) 600
s (6,1) 600
s (7,1) 600
s (8,1) 600
s (9,1) 600
s (10,1) 600
s (11,1) 600
s (12,1) 600
s (13,1) 600
s (14,1) 600
s (15,1) 600
s (16,1) 600
s (17,1) 600
s (18,1) 600
s (19,1) 600
s (20,1) 600
(1,1) (1,2) 600
(2,1) (2,2) 600
(3,1) (3,2) 600
(4,1) (4,2) 600
(5,1) (5,2) 600
(6,1) (6,2) 600
(7,1) (7,2) 600
(8,1) (8,2) 600
(9,1) (9,2) 600
(10,1) (10,2) 600
(11,1) (11,2) 600
(12,1) (12,2) 600
(13,1) (13,2) 600
(14,1) (14,2) 600
(15,1) (15,2) 600
(16,1) (16,2) 600
(17,1) (17,2) 600
(18,1) (18,2) 600
(19,1) (19,2) 600
(20,1) (20,2) 600
(1,2) (1,3) 600
(2,2) (2,3) 600
(3,2) (3,3) 600
(4,2) (4,3) 600
(5,2) (5,3) 600
(6,2) (6,3) 600
(7,2) (7,3) 600
(8,2) (8,3) 600
(9,2) (9,3) 600
(10,2) (10,3) 600
(11,2) (11,3) 600
(12,2) (12,3) 600
(13,2) (13,3) 600
(14,2) (14,3) 600
(15,2) (15,3) 600
(16,2) (16,3) 600
(17,2) (17,3) 600
(18,2) (18,3) 600
(19,2) (19,3) 600
(20,2) (20,3) 600
(1,3) (1,4) 600
(2,3) (2,4) 600
(3,3) (3,4) 600
(4,3) (4,4) 600
(5,3) (5,4) 600
(6,3) (6,4) 600
(7,3) (7,4) 600
(8,3) (8,4) 600
(9,3) (9,4) 600
(10,3) (10,4) 600
(11,3) (11,4) 600
(12,3) (12,4) 600
(13,3) (13,4) 600
(14,3) (14,4) 600
(15,3) (15,4) 600
(16,3) (16,4) 600
(17,3) (17,4) 600
(18,3) (18,4) 600
(19,3) (19,4) 600
(20,3) (20,4) 600
(1,4) (1,5) 600
(2,4) (2,5) 600
(3,4) (3,5) 600
(4,4) (4,5) 600
(5,4) (5,5) 600
(6,4) (6,5) 600
(7,4) (7,5) 600
(8,4) (8,5) 600
(9,4) (9,5) 600
(10,4) (10,5) 600
(11,4) (11,5) 600
(12,4) (12,5) 600
(13,4) (13,5) 600
(14,4) (14,5) 600
(15,4) (15,5) 600
(16,4) (16,5) 600
(17,4) (17,5) 600
(18,4) (18,5) 600
(19,4) (19,5) 600
(20,4) (20,5) 600
(1,5) (1,6) 600
(2,5) (2,6) 600
(3,5) (3,6) 600
(4,5) (4,6) 600
(5,5) (5,6) 600
(6,5) (6,6) 600
(7,5) (7,6) 600
(8,5) (8,6) 600
(9,5) (9,6) 600
(10,5) (10,6) 600
(11,5) (11,6) 600
(12,5) (12,6) 600
(13,5) (13,6) 600
(14,5) (14,6) 600
(15,5) (15,6) 600
(16,5) (16,6) 600
(17,5) (17,6) 600
(18,5) (18,6) 600
(19,5) (19,6) 600
(20,5) (20,6) 600
(1,6) (1,7) 600
(2,6) (2,7) 600
(3,6) (3,7) 600
(4,6) (4,7) 600
(5,6) (5,7) 600
(6,6) (6,7) 600
(7,6) (7,7) 600
(8,6) (8,7) 600
(9,6) (9,7) 600
(10,6) (10,7) 600
(11,6) (11,7) 600
(12,6) (12,7) 600
(13,6) (13,7) 600
(14,6) (14,7) 600
(15,6) (15,7) 600
(16,6) (16,7) 600
(17,6) (17,7) 600
(18,6) (18,7) 600
(19,6) (19,7) 600
(20,6) (20,7) 600
(1,7) (1,8) 600
(2,7) (2,8) 600
(3,7) (3,8) 600
(4,7) (4,8) 600
(5,7) (5,8) 600
(6,7) (6,8) 600
(7,7) (7,8) 600
(8,7) (8,8) 600
(9,7) (9,8) 600
(10,7) (10,8) 600
(11,7) (11,8) 600
(12,7) (12,8) 600
(13,7) (13,8) 600
(14,7) (14,8) 600
(15,7) (15,8) 600
(16,7) (16,8) 600
(17,7) (17,8) 600
(18,7) (18,8) 600
(19,7) (19,8) 600
(20,7) (20,8) 600
(1,8) (1,9) 600
(2,8) (2,9) 600
(3,8) (3,9) 600
(4,8) (4,9) 600
(5,8) (5,9) 600
(6,8) (6,9) 600
(7,8) (7,9) 600
(8,8) (8,9) 600
(9,8) (9,9) 600
(10,8) (10,9) 600
(11,8) (11,9) 600
(12,8) (12,9) 600
(13,8) (13,9) 600
(14,8) (14,9) 600
(15,8) (15,9) 600
(16,8) (16,9) 600
(17,8) (17,9) 600
(18,8) (18,9) 600
(19,8) (19,9) 600
(20,8) (20,9) 600
(1,9) (1,10) 600
(2,9) (2,10) 600
(3,9) (3,10) 600
(4,9) (4,10) 600
(5,9) (5,10) 600
(6,9) (6,10) 600
(7,9) (7,10) 600
(8,9) (8,10) 600
(9,9) (9,10) 600
(10,9) (10,10) 600
(11,9) (11,10) 600
(12,9) (12,10) 600
(13,9) (13,10) 600
(14,9) (14,10) 600
(15,9) (15,10) 600
(16,9) (16,10) 600
(17,9) (17,10) 600
(18,9) (18,10) 600
(19,9) (19,10) 600
(20,9) (20,10) 600
(1,10) (1,11) 600
(2,10) (2,11) 600
(3,10) (3,11) 600
(4,10) (4,11) 600
(5,10) (5,11) 600
(6,10) (6,11) 600
(7,10) (7,11) 600
(8,10) (8,11) 600
(9,10) (9,11) 600
(10,10) (10,11) 600
(11,10) (11,11) 600
(12,10) (12,11) 600
(13,10) (13,11) 600
(14,10) (14,11) 600
(15,10) (15,11) 600
(16,10) (16,11) 600
(17,10) (17,11) 600
(18,10) (18,11) 600
(19,10) (19,11) 600
(20,10) (20,11) 600
(1,11) (1,12) 600
(2,11) (2,12) 600
(3,11) (3,12) 600
(4,11) (4,12) 600
(5,11) (5,12) 600
(6,11) (6,12) 600
(7,11) (7,12) 600
(8,11) (8,12) 600
(9,11) (9,12) 600
(10,11) (10,12) 600
(11,11) (11,12) 600
(12,11) (12,12) 600
(13,11) (13,12) 600
(14,11) (14,12) 600
(15,11) (15,12) 600
(16,11) (16,12) 600
(17,11) (17,12) 600
(18,11) (18,12) 600
(19,11) (19,12) 600
(20,11) (20,12) 600
(1,12) (1,13) 600
(2,12) (2,13) 600
(3,12) (3,13) 600
(4,12) (4,13) 600
(5,12) (5,13) 600
(6,12) (6,13) 600
(7,12) (7,13) 600
(8,12) (8,13) 600
(9,12) (9,13) 600
(10,12) (10,13) 600
(11,12) (11,13) 600
(12,12) (12,13) 600
(13,12) (13,13) 600
(14,12) (14,13) 600
(15,12) (15,13) 600
(16,12) (16,13) 600
(17,12) (17,13) 600
(18,12) (18,13) 600
(19,12) (19,13) 600
(20,12) (20,13) 600
(1,13) (1,14) 600
(2,13) (2,14) 600
(3,13) (3,14) 600
(4,13) (4,14) 600
(5,13) (5,14) 600
(6,13) (6,14) 600
(7,13) (7,14) 600
(8,13) (8,14) 600
(9,13) (9,14) 600
(10,13) (10,14) 600
(11,13) (11,14) 600
(12,13) (12,14) 600
(13,13) (13,14) 600
(14,13) (14,14) 600
(15,13) (15,14) 600
(16,13) (16,14) 600
(17,13) (17,14) 600
(18,13) (18,14) 600
(19,13) (19,14) 600
(20,13) (20,14) 600
(1,14) (1,15) 600
(2,14) (2,15) 600
(3,14) (3,15) 600
(4,14) (4,15) 600
(5,14) (5,15) 600
(6,14) (6,15) 600
(7,14) (7,15) 600
(8,14) (8,15) 600
(9,14) (9,15) 600
(10,14) (10,15) 600
(11,14) (11,15) 600
(12,14) (12,15) 600
(13,14) (13,15) 600
(14,14) (14,15) 600
(15,14) (15,15) 600
(16,14) (16,15) 600
(17,14) (17,15) 600
(18,14) (18,15) 600
(19,14) (19,15) 600
(20,14) (20,15) 600
(1,15) (1,16) 600
(2,15) (2,16) 600
(3,15) (3,16) 600
(4,15) (4,16) 600
(5,15) (5,16) 600
(6,15) (6,16) 600
(7,15) (7,16) 600
(8,15) (8,16) 600
(9,15) (9,16) 600
(10,15) (10,16) 600
(11,15) (11,16) 600
(12,15) (12,16) 600
(13,15) (13,16) 600
(14,15) (14,16) 600
(15,15) (15,16) 600
(16,15) (16,16) 600
(17,15) (17,16) 600
(18,15) (18,16) 600
(19,15) (19,16) 600
(20,15) (20,16) 600
(1,16) (1,17) 600
(2,16) (2,17) 600
(3,16) (3,17) 600
(4,16) (4,17) 600
(5,16) (5,17) 600
(6,16) (6,17) 600
(7,16) (7,17) 600
(8,16) (8,17) 600
(9,16) (9,17) 600
(10,16) (10,17) 600
(11,16) (11,17) 600
(12,16) (12,17) 600
(13,16) (13,17) 600
(14,16) (14,17) 600
(15,16) (15,17) 600
(16,16) (16,17) 600
(17,16) (17,17) 600
(18,16) (18,17) 600
(19,16) (19,17) 600
(20,16) (20,17) 600
(1,17) (1,18) 600
(2,17) (2,18) 600
(3,17) (3,18) 600
(4,17) (4,18) 600
(5,17) (5,18) 600
(6,17) (6,18) 600
(7,17) (7,18) 600
(8,17) (8,18) 600
(9,17) (9,18) 600
(10,17) (10,18) 600
(11,17) (11,18) 600
(12,17) (12,18) 600
(13,17) (13,18) 600
(14,17) (14,18) 600
(15,17) (15,18) 600
(16,17) (16,18) 600
(17,17) (17,18) 600
(18,17) (18,18) 600
(19,17) (19,18) 600
(20,17) (20,18) 600
(1,18) (1,19) 600
(2,18) (2,19) 600
(3,18) (3,19) 600
(4,18) (4,19) 600
(5,18) (5,19) 600
(6,18) (6,19) 600
(7,18) (7,19) 600
(8,18) (8,19) 600
(9,18) (9,19) 600
(10,18) (10,19) 600
(11,18) (11,19) 600
(12,18) (12,19) 600
(13,18) (13,19) 600
(14,18) (14,19) 600
(15,18) (15,19) 600
(16,18) (16,19) 600
(17,18) (17,19) 600
(18,18) (18,19) 600
(19,18) (19,19) 600
(20,18) (20,19) 600
(1,19) (1,20) 600
(2,19) (2,20) 600
(3,19) (3,20) 600
(4,19) (4,20) 600
(5,19) (5,20) 600
(6,19) (6,20) 600
(7,19) (7,20) 600
(8,19) (8,20) 600
(9,19) (9,20) 600
(10,19) (10,20) 600
(11,19) (11,20) 600
(12,19) (12,20) 600
(13,19) (13,20) 600
(14,19) (14,20) 600
(15,19) (15,20) 600
(16,19) (16,20) 600
(17,19) (17,20) 600
(18,19) (18,20) 600
(19,19) (19,20) 600
(20,19) (20,20) 600
(1,20) (1,21) 600
(2,20) (2,21) 600
(3,20) (3,21) 600
(4,20) (4,21) 600
(5,20) (5,21) 600
(6,20) (6,21) 600
(7,20) (7,21) 600
(8,20) (8,21) 600
(9,20) (9,21) 600
(10,20) (10,21) 600
(11,20) (11,21) 600
(12,20) (12,21) 600
(13,20) (13,21) 600
(14,20) (14,21) 600
(15,20) (15,21) 600
(16,20) (16,21) 600
(17,20) (17,21) 600
(18,20) (18,21) 600
(19,20) (19,21) 600
(20,20) (20,21) 600
(1,21) (1,22) 600
(2,21) (2,22) 600
(3,21) (3,22) 600
(4,21) (4,22) 600
(5,21) (5,22) 600
(6,21) (6,22) 600
(7,21) (7,22) 600
(8,21) (8,22) 600
(9,21) (9,22) 600
(10,21) (10,22) 600
(11,21) (11,22) 600
(12,21) (12,22) 600
(13,21) (13,22) 600
(14,21) (14,22) 600
(15,21) (15,22) 600
(16,21) (16,22) 600
(17,21) (17,22) 600
(18,21) (18,22) 600
(19,21) (19,22) 600
(20,21) (20,22) 600
(1,22) (1,23) 600
(2,22) (2,23) 600
(3,22) (3,23) 600
(4,22) (4,23) 600
(5,22) (5,23) 600
(6,22) (6,23) 600
(7,22) (7,23) 600
(8,22) (8,23) 600
(9,22) (9,23) 600
(10,22) (10,23) 600
(11,22) (11,23) 600
(12,22) (12,23) 600
(13,22) (13,23) 600
(14,22) (14,23) 600
(15,22) (15,23) 600
(16,22) (16,23) 600
(17,22) (17,23) 600
(18,22) (18,23) 600
(19,22) (19,23) 600
(20,22) (20,23) 600
(1,23) (1,24) 600
(2,23) (2,24) 600
(3,23) (3,24) 600
(4,23) (4,24) 600
(5,23) (5,24) 600
(6,23) (6,24) 600
(7,23) (7,24) 600
(8,23) (8,24) 600
(9,23) (9,24) 600
(10,23) (10,24) 600
(11,23) (11,24) 600
(12,23) (12,24) 600
(13,23) (13,24) 600
(14,23) (14,24) 600
(15,23) (15,24) 600
(16,23) (16,24) 600
(17,23) (17,24) 600
(18,23) (18,24) 600
(19,23) (19,24) 600
(20,23) (20,24) 600
(1,24) (1,25) 600
(2,24) (2,25) 600
(3,24) (3,25) 600
(4,24) (4,25) 600
(5,24) (5,25) 600
(6,24) (6,25) 600
(7,24) (7,25) 600
(8,24) (8,25) 600
(9,24) (9,25) 600
(10,24) (10,25) 600
(11,24) (11,25) 600
(12,24) (12,25) 600
(13,24) (13,25) 600
(14,24) (14,25) 600
(15,24) (15,25) 600
(16,24) (16,25) 600
(17,24) (17,25) 600
(18,24) (18,25) 600
(19,24) (19,25) 600
(20,24) (20,25) 600
(1,25) (1,26) 600
(2,25) (2,26) 600
(3,25) (3,26) 600
(4,25) (4,26) 600
(5,25) (5,26) 600
(6,25) (6,26) 600
(7,25) (7,26) 600
(8,25) (8,26) 600
(9,25) (9,26) 600
(10,25) (10,26) 600
(11,25) (11,26) 600
(12,25) (12,26) 600
(13,25) (13,26) 600
(14,25) (14,26) 600
(15,25) (15,26) 600
(16,25) (16,26) 600
(17,25) (17,26) 600
(18,25) (18,26) 600
(19,25) (19,26) 600
(20,25) (20,26) 600
(1,26) (1,27) 600
(2,26) (2,27) 600
(3,26) (3,27) 600
(4,26) (4,27) 600
(5,26) (5,27) 600
(6,26) (6,27) 600
(7,26) (7,27) 600
(8,26) (8,27) 600
(9,26) (9,27) 600
(10,26) (10,27) 600
(11,26) (11,27) 600
(12,26) (12,27) 600
(13,26) (13,27) 600
(14,26) (14,27) 600
(15,26) (15,27) 600
(16,26) (16,27) 600
(17,26) (17,27) 600
(18,26) (18,27) 600
(19,26) (19,27) 600
(20,26) (20,27) 600
(1,27) (1,28) 600
(2,27) (2,28) 600
(3,27) (3,28) 600
(4,27) (4,28) 600
(5,27) (5,28) 600
(6,27) (6,28) 600
(7,27) (7,28) 600
(8,27) (8,28) 600
(9,27) (9,28) 600
(10,27) (10,28) 600
(11,27) (11,28) 600
(12,27) (12,28) 600
(13,27) (13,28) 600
(14,27) (14,28) 600
(15,27) (15,28) 600
(16,27) (16,28) 600
(17,27) (17,28) 600
(18,27) (18,28) 600
(19,27) (19,28) 600
(20,27) (20,28) 600
(1,28) (1,29) 600
(2,28) (2,29) 600
(3,28) (3,29) 600
(4,28) (4,29) 600
(5,28) (5,29) 600
(6,28) (6,29) 600
(7,28) (7,29) 600
(8,28) (8,29) 600
(9,28) (9,29) 600
(10,28) (10,29) 600
(11,28) (11,29) 600
(12,28) (12,29) 600
(13,28) (13,29) 600
(14,28) (14,29) 600
(15,28) (15,29) 600
(16,28) (16,29) 600
(17,28) (17,29) 600
(18,28) (18,29) 600
(19,28) (19,29) 600
(20,28) (20,29) 600
(1,29) (1,30) 600
(2,29) (2,30) 600
(3,29) (3,30) 600
(4,29) (4,30) 600
(5,29) (5,30) 600
(6,29) (6,30) 600
(7,29) (7,30) 600
(8,29) (8,30) 600
(9,29) (9,30) 600
(10,29) (10,30) 600
(11,29) (11,30) 600
(12,29) (12,30) 600
(13,29) (13,30) 600
(14,29) (14,30) 600
(15,29) (15,30) 600
(16,29) (16,30) 600
(17,29) (17,30) 600
(18,29) (18,30) 600
(19,29) (19,30) 600
(20,29) (20,30) 600
(1,1) (2,1) 600
(2,1) (1,1) 600
(2,1) (3,1) 600
(3,1) (2,1) 600
(3,1) (4,1) 600
(4,1) (3,1) 600
(4,1) (5,1) 600
(5,1) (4,1) 600
(5,1) (6,1) 600
(6,1) (5,1) 600
(6,1) (7,1) 600
(7,1) (6,1) 600
(7,1) (8,1) 600
(8,1) (7,1) 600
(8,1) (9,1) 600
(9,1) (8,1) 600
(9,1) (10,1) 600
(10,1) (9,1) 600
(10,1) (11,1) 600
(11,1) (10,1) 600
(11,1) (12,1) 600
(12,1) (11,1) 600
(12,1) (13,1) 600
(13,1) (12,1) 600
(13,1) (14,1) 600
(14,1) (13,1) 600
(14,1) (15,1) 600
(15,1) (14,1) 600
(15,1) (16,1) 600
(16,1) (15,1) 600
(16,1) (17,1) 600
(17,1) (16,1) 600
(17,1) (18,1) 600
(18,1) (17,1) 600
(18,1) (19,1) 600
(19,1) (18,1) 600
(19,1) (20,1) 600
(20,1) (19,1) 600
(1,2) (2,2) 600
(2,2) (1,2) 600
(2,2) (3,2) 600
(3,2) (2,2) 600
(3,2) (4,2) 600
(4,2) (3,2) 600
(4,2) (5,2) 600
(5,2) (4,2) 600
(5,2) (6,2) 600
(6,2) (5,2) 600
(6,2) (7,2) 600
(7,2) (6,2) 600
(7,2) (8,2) 600
(8,2) (7,2) 600
(8,2) (9,2) 600
(9,2) (8,2) 600
(9,2) (10,2) 600
(10,2) (9,2) 600
(10,2) (11,2) 600
(11,2) (10,2) 600
(11,2) (12,2) 600
(12,2) (11,2) 600
(12,2) (13,2) 600
(13,2) (12,2) 600
(13,2) (14,2) 600
(14,2) (13,2) 600
(14,2) (15,2) 600
(15,2) (14,2) 600
(15,2) (16,2) 600
(16,2) (15,2) 600
(16,2) (17,2) 600
(17,2) (16,2) 600
(17,2) (18,2) 600
(18,2) (17,2) 600
(18,2) (19,2) 600
(19,2) (18,2) 600
(19,2) (20,2) 600
(20,2) (19,2) 600
(1,3) (2,3) 600
(2,3) (1,3) 600
(2,3) (3,3) 600
(3,3) (2,3) 600
(3,3) (4,3) 600
(4,3) (3,3) 600
(4,3) (5,3) 600
(5,3) (4,3) 600
(5,3) (6,3) 600
(6,3) (5,3) 600
(6,3) (7,3) 600
(7,3) (6,3) 600
(7,3) (8,3) 600
(8,3) (7,3) 600
(8,3) (9,3) 600
(9,3) (8,3) 600
(9,3) (10,3) 600
(10,3) (9,3) 600
(10,3) (11,3) 600
(11,3) (10,3) 600
(11,3) (12,3) 600
(12,3) (11,3) 600
(12,3) (13,3) 600
(13,3) (12,3) 600
(13,3) (14,3) 600
(14,3) (13,3) 600
(14,3) (15,3) 600
(15,3) (14,3) 600
(15,3) (16,3) 600
(16,3) (15,3) 600
(16,3) (17,3) 600
(17,3) (16,3) 600
(17,3) (18,3) 600
(18,3) (17,3) 600
(18,3) (19,3) 600
(19,3) (18,3) 600
(19,3) (20,3) 600
(20,3) (19,3) 600
(1,4) (2,4) 600
(2,4) (1,4) 600
(2,4) (3,4) 600
(3,4) (2,4) 600
(3,4) (4,4) 600
(4,4) (3,4) 600
(4,4) (5,4) 600
(5,4) (4,4) 600
(5,4) (6,4) 600
(6,4) (5,4) 600
(6,4) (7,4) 600
(7,4) (6,4) 600
(7,4) (8,4) 600
(8,4) (7,4) 600
(8,4) (9,4) 600
(9,4) (8,4) 600
(9,4) (10,4) 600
(10,4) (9,4) 600
(10,4) (11,4) 600
(11,4) (10,4) 600
(11,4) (12,4) 600
(12,4) (11,4) 600
(12,4) (13,4) 600
(13,4) (12,4) 600
(13,4) (14,4) 600
(14,4) (13,4) 600
(14,4) (15,4) 600
(15,4) (14,4) 600
(15,4) (16,4) 600
(16,4) (15,4) 600
(16,4) (17,4) 600
(17,4) (16,4) 600
(17,4) (18,4) 600
(18,4) (17,4) 600
(18,4) (19,4) 600
(19,4) (18,4) 600
(19,4) (20,4) 600
(20,4) (19,4) 600
(1,5) (2,5) 600
(2,5) (1,5) 600
(2,5) (3,5) 600
(3,5) (2,5) 600
(3,5) (4,5) 600
(4,5) (3,5) 600
(4,5) (5,5) 600
(5,5) (4,5) 600
(5,5) (6,5) 600
(6,5) (5,5) 600
(6,5) (7,5) 600
(7,5) (6,5) 600
(7,5) (8,5) 600
(8,5) (7,5) 600
(8,5) (9,5) 600
(9,5) (8,5) 600
(9,5) (10,5) 600
(10,5) (9,5) 600
(10,5) (11,5) 600
(11,5) (10,5) 600
(11,5) (12,5) 600
(12,5) (11,5) 600
(12,5) (13,5) 600
(13,5) (12,5) 600
(13,5) (14,5) 600
(14,5) (13,5) 600
(14,5) (15,5) 600
(15,5) (14,5) 600
(15,5) (16,5) 600
(16,5) (15,5) 600
(16,5) (17,5) 600
(17,5) (16,5) 600
(17,5) (18,5) 600
(18,5) (17,5) 600
(18,5) (19,5) 600
(19,5) (18,5) 600
(19,5) (20,5) 600
(20,5) (19,5) 600
(1,6) (2,6) 600
(2,6) (1,6) 600
(2,6) (3,6) 600
(3,6) (2,6) 600
(3,6) (4,6) 600
(4,6) (3,6) 600
(4,6) (5,6) 600
(5,6) (4,6) 600
(5,6) (6,6) 600
(6,6) (5,6) 600
(6,6) (7,6) 600
(7,6) (6,6) 600
(7,6) (8,6) 600
(8,6) (7,6) 600
(8,6) (9,6) 600
(9,6) (8,6) 600
(9,6) (10,6) 600
(10,6) (9,6) 600
(10,6) (11,6) 600
(11,6) (10,6) 600
(11,6) (12,6) 600
(12,6) (11,6) 600
(12,6) (13,6) 600
(13,6) (12,6) 600
(13,6) (14,6) 600
(14,6) (13,6) 600
(14,6) (15,6) 600
(15,6) (14,6) 600
(15,6) (16,6) 600
(16,6) (15,6) 600
(16,6) (17,6) 600
(17,6) (16,6) 600
(17,6) (18,6) 600
(18,6) (17,6) 600
(18,6) (19,6) 600
(19,6) (18,6) 600
(19,6) (20,6) 600
(20,6) (19,6) 600
(1,7) (2,7) 600
(2,7) (1,7) 600
(2,7) (3,7) 600
(3,7) (2,7) 600
(3,7) (4,7) 600
(4,7) (3,7) 600
(4,7) (5,7) 600
(5,7) (4,7) 600
(5,7) (6,7) 600
(6,7) (5,7) 600
(6,7) (7,7) 600
(7,7) (6,7) 600
(7,7) (8,7) 600
(8,7) (7,7) 600
(8,7) (9,7) 600
(9,7) (8,7) 600
(9,7) (10,7) 600
(10,7) (9,7) 600
(10,7) (11,7) 600
(11,7) (10,7) 600
(11,7) (12,7) 600
(12,7) (11,7) 600
(12,7) (13,7) 600
(13,7) (12,7) 600
(13,7) (14,7) 600
(14,7) (13,7) 600
(14,7) (15,7) 600
(15,7) (14,7) 600
(15,7) (16,7) 600
(16,7) (15,7) 600
(16,7) (17,7) 600
(17,7) (16,7) 600
(17,7) (18,7) 600
(18,7) (17,7) 600
(18,7) (19,7) 600
(19,7) (18,7) 600
(19,7) (20,7) 600
(20,7) (19,7) 600
(1,8) (2,8) 600
(2,8) (1,8) 600
(2,8) (3,8) 600
(3,8) (2,8) 600
(3,8) (4,8) 600
(4,8) (3,8) 600
(4,8) (5,8) 600
(5,8) (4,8) 600
(5,8) (6,8) 600
(6,8) (5,8) 600
(6,8) (7,8) 600
(7,8) (6,8) 600
(7,8) (8,8) 600
(8,8) (7,8) 600
(8,8) (9,8) 600
(9,8) (8,8) 600
(9,8) (10,8) 600
(10,8) (9,8) 600
(10,8) (11,8) 600
(11,8) (10,8) 600
(11,8) (12,8) 600
(12,8) (11,8) 600
(12,8) (13,8) 600
(13,8) (12,8) 600
(13,8) (14,8) 600
(14,8) (13,8) 600
(14,8) (15,8) 600
(15,8) (14,8) 600
(15,8) (16,8) 600
(16,8) (15,8) 600
(16,8) (17,8) 600
(17,8) (16,8) 600
(17,8) (18,8) 600
(18,8) (17,8) 600
(18,8) (19,8) 600
(19,8) (18,8) 600
(19,8) (20,8) 600
(20,8) (19,8) 600
(1,9) (2,9) 600
(2,9) (1,9) 600
(2,9) (3,9) 600
(3,9) (2,9) 600
(3,9) (4,9) 600
(4,9) (3,9) 600
(4,9) (5,9) 600
(5,9) (4,9) 600
(5,9) (6,9) 600
(6,9) (5,9) 600
(6,9) (7,9) 600
(7,9) (6,9) 600
(7,9) (8,9) 600
(8,9) (7,9) 600
(8,9) (9,9) 600
(9,9) (8,9) 600
(9,9) (10,9) 600
(10,9) (9,9) 600
(10,9) (11,9) 600
(11,9) (10,9) 600
(11,9) (12,9) 600
(12,9) (11,9) 600
(12,9) (13,9) 600
(13,9) (12,9) 600
(13,9) (14,9) 600
(14,9) (13,9) 600
(14,9) (15,9) 600
(15,9) (14,9) 600
(15,9) (16,9) 600
(16,9) (15,9) 600
(16,9) (17,9) 600
(17,9) (16,9) 600
(17,9) (18,9) 600
(18,9) (17,9) 600
(18,9) (19,9) 600
(19,9) (18,9) 600
(19,9) (20,9) 600
(20,9) (19,9) 600
(1,10) (2,10) 600
(2,10) (1,10) 600
(2,10) (3,10) 600
(3,10) (2,10) 600
(3,10) (4,10) 600
(4,10) (3,10) 600
(4,10) (5,10) 600
(5,10) (4,10) 600
(5,10) (6,10) 600
(6,10) (5,10) 600
(6,10) (7,10) 600
(7,10) (6,10) 600
(7,10) (8,10) 600
(8,10) (7,10) 600
(8,10) (9,10) 600
(9,10) (8,10) 600
(9,10) (10,10) 600
(10,10) (9,10) 600
(10,10) (11,10) 600
(11,10) (10,10) 600
(11,10) (12,10) 600
(12,10) (11,10) 600
(12,10) (13,10) 600
(13,10) (12,10) 600
(13,10) (14,10) 600
(14,10) (13,10) 600
(14,10) (15,10) 600
(15,10) (14,10) 600
(15,10) (16,10) 600
(16,10) (15,10) 600
(16,10) (17,10) 600
(17,10) (16,10) 600
(17,10) (18,10) 600
(18,10) (17,10) 600
(18,10) (19,10) 600
(19,10) (18,10) 600
(19,10) (20,10) 600
(20,10) (19,10) 600
(1,11) (2,11) 600
(2,11) (1,11) 600
(2,11) (3,11) 600
(3,11) (2,11) 600
(3,11) (4,11) 600
(4,11) (3,11) 600
(4,11) (5,11) 600
(5,11) (4,11) 600
(5,11) (6,11) 600
(6,11) (5,11) 600
(6,11) (7,11) 600
(7,11) (6,11) 600
(7,11) (8,11) 600
(8,11) (7,11) 600
(8,11) (9,11) 600
(9,11) (8,11) 600
(9,11) (10,11) 600
(10,11) (9,11) 600
(10,11) (11,11) 600
(11,11) (10,11) 600
(11,11) (12,11) 600
(12,11) (11,11) 600
(12,11) (13,11) 600
(13,11) (12,11) 600
(13,11) (14,11) 600
(14,11) (13,11) 600
(14,11) (15,11) 600
(15,11) (14,11) 600
(15,11) (16,11) 600
(16,11) (15,11) 600
(16,11) (17,11) 600
(17,11) (16,11) 600
(17,11) (18,11) 600
(18,11) (17,11) 600
(18,11) (19,11) 600
(19,11) (18,11) 600
(19,11) (20,11) 600
(20,11) (19,11) 600
(1,12) (2,12) 600
(2,12) (1,12) 600
(2,12) (3,12) 600
(3,12) (2,12) 600
(3,12) (4,12) 600
(4,12) (3,12) 600
(4,12) (5,12) 600
(5,12) (4,12) 600
(5,12) (6,12) 600
(6,12) (5,12) 600
(6,12) (7,12) 600
(7,12) (6,12) 600
(7,12) (8,12) 600
(8,12) (7,12) 600
(8,12) (9,12) 600
(9,12) (8,12) 600
(9,12) (10,12) 600
(10,12) (9,12) 600
(10,12) (11,12) 600
(11,12) (10,12) 600
(11,12) (12,12) 600
(12,12) (11,12) 600
(12,12) (13,12) 600
(13,12) (12,12) 600
(13,12) (14,12) 600
(14,12) (13,12) 600
(14,12) (15,12) 600
(15,12) (14,12) 600
(15,12) (16,12) 600
(16,12) (15,12) 600
(16,12) (17,12) 600
(17,12) (16,12) 600
(17,12) (18,12) 600
(18,12) (17,12) 600
(18,12) (19,12) 600
(19,12) (18,12) 600
(19,12) (20,12) 600
(20,12) (19,12) 600
(1,13) (2,13) 600
(2,13) (1,13) 600
(2,13) (3,13) 600
(3,13) (2,13) 600
(3,13) (4,13) 600
(4,13) (3,13) 600
(4,13) (5,13) 600
(5,13) (4,13) 600
(5,13) (6,13) 600
(6,13) (5,13) 600
(6,13) (7,13) 600
(7,13) (6,13) 600
(7,13) (8,13) 600
(8,13) (7,13) 600
(8,13) (9,13) 600
(9,13) (8,13) 600
(9,13) (10,13) 600
(10,13) (9,13) 600
(10,13) (11,13) 600
(11,13) (10,13) 600
(11,13) (12,13) 600
(12,13) (11,13) 600
(12,13) (13,13) 600
(13,13) (12,13) 600
(13,13) (14,13) 600
(14,13) (13,13) 600
(14,13) (15,13) 600
(15,13) (14,13) 600
(15,13) (16,13) 600
(16,13) (15,13) 600
(16,13) (17,13) 600
(17,13) (16,13) 600
(17,13) (18,13) 600
(18,13) (17,13) 600
(18,13) (19,13) 600
(19,13) (18,13) 600
(19,13) (20,13) 600
(20,13) (19,13) 600
(1,14) (2,14) 600
(2,14) (1,14) 600
(2,14) (3,14) 600
(3,14) (2,14) 600
(3,14) (4,14) 600
(4,14) (3,14) 600
(4,14) (5,14) 600
(5,14) (4,14) 600
(5,14) (6,14) 600
(6,14) (5,14) 600
(6,14) (7,14) 600
(7,14) (6,14) 600
(7,14) (8,14) 600
(8,14) (7,14) 600
(8,14) (9,14) 600
(9,14) (8,14) 600
(9,14) (10,14) 600
(10,14) (9,14) 600
(10,14) (11,14) 600
(11,14) (10,14) 600
(11,14) (12,14) 600
(12,14) (11,14) 600
(12,14) (13,14) 600
(13,14) (12,14) 600
(13,14) (14,14) 600
(14,14) (13,14) 600
(14,14) (15,14) 600
(15,14) (14,14) 600
(15,14) (16,14) 600
(16,14) (15,14) 600
(16,14) (17,14) 600
(17,14) (16,14) 600
(17,14) (18,14) 600
(18,14) (17,14) 600
(18,14) (19,14) 600
(19,14) (18,14) 600
(19,14) (20,14) 600
(20,14) (19,14) 600
(1,15) (2,15) 600
(2,15) (1,15) 600
(2,15) (3,15) 600
(3,15) (2,15) 600
(3,15) (4,15) 600
(4,15) (3,15) 600
(4,15) (5,15) 600
(5,15) (4,15) 600
(5,15) (6,15) 600
(6,15) (5,15) 600
(6,15) (7,15) 600
(7,15) (6,15) 600
(7,15) (8,15) 600
(8,15) (7,15) 600
(8,15) (9,15) 600
(9,15) (8,15) 600
(9,15) (10,15) 600
(10,15) (9,15) 600
(10,15) (11,15) 600
(11,15) (10,15) 600
(11,15) (12,15) 600
(12,15) (11,15) 600
(12,15) (13,15) 600
(13,15) (12,15) 600
(13,15) (14,15) 600
(14,15) (13,15) 600
(14,15) (15,15) 600
(15,15) (14,15) 600
(15,15) (16,15) 600
(16,15) (15,15) 600
(16,15) (17,15) 600
(17,15) (16,15) 600
(17,15) (18,15) 600
(18,15) (17,15) 600
(18,15) (19,15) 600
(19,15) (18,15) 600
(19,15) (20,15) 600
(20,15) (19,15) 600
(1,16) (2,16) 600
(2,16) (1,16) 600
(2,16) (3,16) 600
(3,16) (2,16) 600
(3,16) (4,16) 600
(4,16) (3,16) 600
(4,16) (5,16) 600
(5,16) (4,16) 600
(5,16) (6,16) 600
(6,16) (5,16) 600
(6,16) (7,16) 600
(7,16) (6,16) 600
(7,16) (8,16) 600
(8,16) (7,16) 600
(8,16) (9,16) 600
(9,16) (8,16) 600
(9,16) (10,16) 600
(10,16) (9,16) 600
(10,16) (11,16) 600
(11,16) (10,16) 600
(11,16) (12,16) 600
(12,16) (11,16) 600
(12,16) (13,16) 600
(13,16) (12,16) 600
(13,16) (14,16) 600
(14,16) (13,16) 600
(14,16) (15,16) 600
(15,16) (14,16) 600
(15,16) (16,16) 600
(16,16) (15,16) 600
(16,16) (17,16) 600
(17,16) (16,16) 600
(17,16) (18,16) 600
(18,16) (17,16) 600
(18,16) (19,16) 600
(19,16) (18,16) 600
(19,16) (20,16) 600
(20,16) (19,16) 600
(1,17) (2,17) 600
(2,17) (1,17) 600
(2,17) (3,17) 600
(3,17) (2,17) 600
(3,17) (4,17) 600
(4,17) (3,17) 600
(4,17) (5,17) 600
(5,17) (4,17) 600
(5,17) (6,17) 600
(6,17) (5,17) 600
(6,17) (7,17) 600
(7,17) (6,17) 600
(7,17) (8,17) 600
(8,17) (7,17) 600
(8,17) (9,17) 600
(9,17) (8,17) 600
(9,17) (10,17) 600
(10,17) (9,17) 600
(10,17) (11,17) 600
(11,17) (10,17) 600
(11,17) (12,17) 600
(12,17) (11,17) 600
(12,17) (13,17) 600
(13,17) (12,17) 600
(13,17) (14,17) 600
(14,17) (13,17) 600
(14,17) (15,17) 600
(15,17) (14,17) 600
(15,17) (16,17) 600
(16,17) (15,17) 600
(16,17) (17,17) 600
(17,17) (16,17) 600
(17,17) (18,17) 600
(18,17) (17,17) 600
(18,17) (19,17) 600
(19,17) (18,17) 600
(19,17) (20,17) 600
(20,17) (19,17) 600
(1,18) (2,18) 600
(2,18) (1,18) 600
(2,18) (3,18) 600
(3,18) (2,18) 600
(3,18) (4,18) 600
(4,18) (3,18) 600
(4,18) (5,18) 600
(5,18) (4,18) 600
(5,18) (6,18) 600
(6,18) (5,18) 600
(6,18) (7,18) 600
(7,18) (6,18) 600
(7,18) (8,18) 600
(8,18) (7,18) 600
(8,18) (9,18) 600
(9,18) (8,18) 600
(9,18) (10,18) 600
(10,18) (9,18) 600
(10,18) (11,18) 600
(11,18) (10,18) 600
(11,18) (12,18) 600
(12,18) (11,18) 600
(12,18) (13,18) 600
(13,18) (12,18) 600
(13,18) (14,18) 600
(14,18) (13,18) 600
(14,18) (15,18) 600
(15,18) (14,18) 600
(15,18) (16,18) 600
(16,18) (15,18) 600
(16,18) (17,18) 600
(17,18) (16,18) 600
(17,18) (18,18) 600
(18,18) (17,18) 600
(18,18) (19,18) 600
(19,18) (18,18) 600
(19,18) (20,18) 600
(20,18) (19,18) 600
(1,19) (2,19) 600
(2,19) (1,19) 600
(2,19) (3,19) 600
(3,19) (2,19) 600
(3,19) (4,19) 600
(4,19) (3,19) 600
(4,19) (5,19) 600
(5,19) (4,19) 600
(5,19) (6,19) 600
(6,19) (5,19) 600
(6,19) (7,19) 600
(7,19) (6,19) 600
(7,19) (8,19) 600
(8,19) (7,19) 600
(8,19) (9,19) 600
(9,19) (8,19) 600
(9,19) (10,19) 600
(10,19) (9,19) 600
(10,19) (11,19) 600
(11,19) (10,19) 600
(11,19) (12,19) 600
(12,19) (11,19) 600
(12,19) (13,19) 600
(13,19) (12,19) 600
(13,19) (14,19) 600
(14,19) (13,19) 600
(14,19) (15,19) 600
(15,19) (14,19) 600
(15,19) (16,19) 600
(16,19) (15,19) 600
(16,19) (17,19) 600
(17,19) (16,19) 600
(17,19) (18,19) 600
(18,19) (17,19) 600
(18,19) (19,19) 600
(19,19) (18,19) 600
(19,19) (20,19) 600
(20,19) (19,19) 600
(1,20) (2,20) 600
(2,20) (1,20) 600
(2,20) (3,20) 600
(3,20) (2,20) 600
(3,20) (4,20) 600
(4,20) (3,20) 600
(4,20) (5,20) 600
(5,20) (4,20) 600
(5,20) (6,20) 600
(6,20) (5,20) 600
(6,20) (7,20) 600
(7,20) (6,20) 600
(7,20) (8,20) 600
(8,20) (7,20) 600
(8,20) (9,20) 600
(9,20) (8,20) 600
(9,20) (10,20) 600
(10,20) (9,20) 600
(10,20) (11,20) 600
(11,20) (10,20) 600
(11,20) (12,20) 600
(12,20) (11,20) 600
(12,20) (13,20) 600
(13,20) (12,20) 600
(13,20) (14,20) 600
(14,20) (13,20) 600
(14,20) (15,20) 600
(15,20) (14,20) 600
(15,20) (16,20) 600
(16,20) (15,20) 600
(16,20) (17,20) 600
(17,20) (16,20) 600
(17,20) (18,20) 600
(18,20) (17,20) 600
(18,20) (19,20) 600
(19,20) (18,20) 600
(19,20) (20,20) 600
(20,20) (19,20) 600
(1,21) (2,21) 600
(2,21) (1,21) 600
(2,21) (3,21) 600
(3,21) (2,21) 600
(3,21) (4,21) 600
(4,21) (3,21) 600
(4,21) (5,21) 600
(5,21) (4,21) 600
(5,21) (6,21) 600
(6,21) (5,21) 600
(6,21) (7,21) 600
(7,21) (6,21) 600
(7,21) (8,21) 600
(8,21) (7,21) 600
(8,21) (9,21) 600
(9,21) (8,21) 600
(9,21) (10,21) 600
(10,21) (9,21) 600
(10,21) (11,21) 600
(11,21) (10,21) 600
(11,21) (12,21) 600
(12,21) (11,21) 600
(12,21) (13,21) 600
(13,21) (12,21) 600
(13,21) (14,21) 600
(14,21) (13,21) 600
(14,21) (15,21) 600
(15,21) (14,21) 600
(15,21) (16,21) 600
(16,21) (15,21) 600
(16,21) (17,21) 600
(17,21) (16,21) 600
(17,21) (18,21) 600
(18,21) (17,21) 600
(18,21) (19,21) 600
(19,21) (18,21) 600
(19,21) (20,21) 600
(20,21) (19,21) 600
(1,22) (2,22) 600
(2,22) (1,22) 600
(2,22) (3,22) 600
(3,22) (2,22) 600
(3,22) (4,22) 600
(4,22) (3,22) 600
(4,22) (5,22) 600
(5,22) (4,22) 600
(5,22) (6,22) 600
(6,22) (5,22) 600
(6,22) (7,22) 600
(7,22) (6,22) 600
(7,22) (8,22) 600
(8,22) (7,22) 600
(8,22) (9,22) 600
(9,22) (8,22) 600
(9,22) (10,22) 600
(10,22) (9,22) 600
(10,22) (11,22) 600
(11,22) (10,22) 600
(11,22) (12,22) 600
(12,22) (11,22) 600
(12,22) (13,22) 600
(13,22) (12,22) 600
(13,22) (14,22) 600
(14,22) (13,22) 600
(14,22) (15,22) 600
(15,22) (14,22) 600
(15,22) (16,22) 600
(16,22) (15,22) 600
(16,22) (17,22) 600
(17,22) (16,22) 600
(17,22) (18,22) 600
(18,22) (17,22) 600
(18,22) (19,22) 600
(19,22) (18,22) 600
(19,22) (20,22) 600
(20,22) (19,22) 600
(1,23) (2,23) 600
(2,23) (1,23) 600
(2,23) (3,23) 600
(3,23) (2,23) 600
(3,23) (4,23) 600
(4,23) (3,23) 600
(4,23) (5,23) 600
(5,23) (4,23) 600
(5,23) (6,23) 600
(6,23) (5,23) 600
(6,23) (7,23) 600
(7,23) (6,23) 600
(7,23) (8,23) 600
(8,23) (7,23) 600
(8,23) (9,23) 600
(9,23) (8,23) 600
(9,23) (10,23) 600
(10,23) (9,23) 600
(10,23) (11,23) 600
(11,23) (10,23) 600
(11,23) (12,23) 600
(12,23) (11,23) 600
(12,23) (13,23) 600
(13,23) (12,23) 600
(13,23) (14,23) 600
(14,23) (13,23) 600
(14,23) (15,23) 600
(15,23) (14,23) 600
(15,23) (16,23) 600
(16,23) (15,23) 600
(16,23) (17,23) 600
(17,23) (16,23) 600
(17,23) (18,23) 600
(18,23) (17,23) 600
(18,23) (19,23) 600
(19,23) (18,23) 600
(19,23) (20,23) 600
(20,23) (19,23) 600
(1,24) (2,24) 600
(2,24) (1,24) 600
(2,24) (3,24) 600
(3,24) (2,24) 600
(3,24) (4,24) 600
(4,24) (3,24) 600
(4,24) (5,24) 600
(5,24) (4,24) 600
(5,24) (6,24) 600
(6,24) (5,24) 600
(6,24) (7,24) 600
(7,24) (6,24) 600
(7,24) (8,24) 600
(8,24) (7,24) 600
(8,24) (9,24) 600
(9,24) (8,24) 600
(9,24) (10,24) 600
(10,24) (9,24) 600
(10,24) (11,24) 600
(11,24) (10,24) 600
(11,24) (12,24) 600
(12,24) (11,24) 600
(12,24) (13,24) 600
(13,24) (12,24) 600
(13,24) (14,24) 600
(14,24) (13,24) 600
(14,24) (15,24) 600
(15,24) (14,24) 600
(15,24) (16,24) 600
(16,24) (15,24) 600
(16,24) (17,24) 600
(17,24) (16,24) 600
(17,24) (18,24) 600
(18,24) (17,24) 600
(18,24) (19,24) 600
(19,24) (18,24) 600
(19,24) (20,24) 600
(20,24) (19,24) 600
(1,25) (2,25) 600
(2,25) (1,25) 600
(2,25) (3,25) 600
(3,25) (2,25) 600
(3,25) (4,25) 600
(4,25) (3,25) 600
(4,25) (5,25) 600
(5,25) (4,25) 600
(5,25) (6,25) 600
(6,25) (5,25) 600
(6,25) (7,25) 600
(7,25) (6,25) 600
(7,25) (8,25) 600
(8,25) (7,25) 600
(8,25) (9,25) 600
(9,25) (8,25) 600
(9,25) (10,25) 600
(10,25) (9,25) 600
(10,25) (11,25) 600
(11,25) (10,25) 600
(11,25) (12,25) 600
(12,25) (11,25) 600
(12,25) (13,25) 600
(13,25) (12,25) 600
(13,25) (14,25) 600
(14,25) (13,25) 600
(14,25) (15,25) 600
(15,25) (14,25) 600
(15,25) (16,25) 600
(16,25) (15,25) 600
(16,25) (17,25) 600
(17,25) (16,25) 600
(17,25) (18,25) 600
(18,25) (17,25) 600
(18,25) (19,25) 600
(19,25) (18,25) 600
(19,25) (20,25) 600
(20,25) (19,25) 600
(1,26) (2,26) 600
(2,26) (1,26) 600
(2,26) (3,26) 600
(3,26) (2,26) 600
(3,26) (4,26) 600
(4,26) (3,26) 600
(4,26) (5,26) 600
(5,26) (4,26) 600
(5,26) (6,26) 600
(6,26) (5,26) 600
(6,26) (7,26) 600
(7,26) (6,26) 600
(7,26) (8,26) 600
(8,26) (7,26) 600
(8,26) (9,26) 600
(9,26) (8,26) 600
(9,26) (10,26) 600
(10,26) (9,26) 600
(10,26) (11,26) 600
(11,26) (10,26) 600
(11,26) (12,26) 600
(12,26) (11,26) 600
(12,26) (13,26) 600
(13,26) (12,26) 600
(13,26) (14,26) 600
(14,26) (13,26) 600
(14,26) (15,26) 600
(15,26) (14,26) 600
(15,26) (16,26) 600
(16,26) (15,26) 600
(16,26) (17,26) 600
(17,26) (16,26) 600
(17,26) (18,26) 600
(18,26) (17,26) 600
(18,26) (19,26) 600
(19,26) (18,26) 600
(19,26) (20,26) 600
(20,26) (19,26) 600
(1,27) (2,27) 600
(2,27) (1,27) 600
(2,27) (3,27) 600
(3,27) (2,27) 600
(3,27) (4,27) 600
(4,27) (3,27) 600
(4,27) (5,27) 600
(5,27) (4,27) 600
(5,27) (6,27) 600
(6,27) (5,27) 600
(6,27) (7,27) 600
(7,27) (6,27) 600
(7,27) (8,27) 600
(8,27) (7,27) 600
(8,27) (9,27) 600
(9,27) (8,27) 600
(9,27) (10,27) 600
(10,27) (9,27) 600
(10,27) (11,27) 600
(11,27) (10,27) 600
(11,27) (12,27) 600
(12,27) (11,27) 600
(12,27) (13,27) 600
(13,27) (12,27) 600
(13,27) (14,27) 600
(14,27) (13,27) 600
(14,27) (15,27) 600
(15,27) (14,27) 600
(15,27) (16,27) 600
(16,27) (15,27) 600
(16,27) (17,27) 600
(17,27) (16,27) 600
(17,27) (18,27) 600
(18,27) (17,27) 600
(18,27) (19,27) 600
(19,27) (18,27) 600
(19,27) (20,27) 600
(20,27) (19,27) 600
(1,28) (2,28) 600
(2,28) (1,28) 600
(2,28) (3,28) 600
(3,28) (2,28) 600
(3,28) (4,28) 600
(4,28) (3,28) 600
(4,28) (5,28) 600
(5,28) (4,28) 600
(5,28) (6,28) 600
(6,28) (5,28) 600
(6,28) (7,28) 600
(7,28) (6,28) 600
(7,28) (8,28) 600
(8,28) (7,28) 600
(8,28) (9,28) 600
(9,28) (8,28) 600
(9,28) (10,28) 600
(10,28) (9,28) 600
(10,28) (11,28) 600
(11,28) (10,28) 600
(11,28) (12,28) 600
(12,28) (11,28) 600
(12,28) (13,28) 600
(13,28) (12,28) 600
(13,28) (14,28) 600
(14,28) (13,28) 600
(14,28) (15,28) 600
(15,28) (14,28) 600
(15,28) (16,28) 600
(16,28) (15,28) 600
(16,28) (17,28) 600
(17,28) (16,28) 600
(17,28) (18,28) 600
(18,28) (17,28) 600
(18,28) (19,28) 600
(19,28) (18,28) 600
(19,28) (20,28) 600
(20,28) (19,28) 600
(1,29) (2,29) 600
(2,29) (1,29) 600
(2,29) (3,29) 600
(3,29) (2,29) 600
(3,29) (4,29) 600
(4,29) (3,29) 600
(4,29) (5,29) 600
(5,29) (4,29) 600
(5,29) (6,29) 600
(6,29) (5,29) 600
(6,29) (7,29) 600
(7,29) (6,29) 600
(7,29) (8,29) 600
(8,29) (7,29) 600
(8,29) (9,29) 600
(9,29) (8,29) 600
(9,29) (10,29) 600
(10,29) (9,29) 600
(10,29) (11,29) 600
(11,29) (10,29) 600
(11,29) (12,29) 600
(12,29) (11,29) 600
(12,29) (13,29) 600
(13,29) (12,29) 600
(13,29) (14,29) 600
(14,29) (13,29) 600
(14,29) (15,29) 600
(15,29) (14,29) 600
(15,29) (16,29) 600
(16,29) (15,29) 600
(16,29) (17,29) 600
(17,29) (16,29) 600
(17,29) (18,29) 600
(18,29) (17,29) 600
(18,29) (19,29) 600
(19,29) (18,29) 600
(19,29) (20,29) 600
(20,29) (19,29) 600
(1,30) (2,30) 600
(2,30) (1,30) 600
(2,30) (3,30) 600
(3,30) (2,30) 600
(3,30) (4,30) 600
(4,30) (3,30) 600
(4,30) (5,30) 600
(5,30) (4,30) 600
(5,30) (6,30) 600
(6,30) (5,30) 600
(6,30) (7,30) 600
(7,30) (6,30) 600
(7,30) (8,30) 600
(8,30) (7,30) 600
(8,30) (9,30) 600
(9,30) (8,30) 600
(9,30) (10,30) 600
(10,30) (9,30) 600
(10,30) (11,30) 600
(11,30) (10,30) 600
(11,30) (12,30) 600
(12,30) (11,30) 600
(12,30) (13,30) 600
(13,30) (12,30) 600
(13,30) (14,30) 600
(14,30) (13,30) 600
(14,30) (15,30) 600
(15,30) (14,30) 600
(15,30) (16,30) 600
(16,30) (15,30) 600
(16,30) (17,30) 600
(17,30) (16,30) 600
(17,30) (18,30) 600
(18,30) (17,30) 600
(18,30) (19,30) 600
(19,30) (18,30) 600
(19,30) (20,30) 600
(20,30) (19,30) 600
(1,30) t 600
(2,30) t 600
(3,30) t 600
(4,30) t 600
(5,30) t 600
(6,30) t 600
(7,30) t 600
(8,30) t 600
(9,30) t 600
(10,30) t 600
(11,30) t 600
(12,30) t 600
(13,30) t 600
(14,30) t 600
(15,30) t 600
(16,30) t 600
(17,30) t 600
(18,30) t 600
(19,30) t 600
(20,30) t 600
