s (1,1) 600
s (2,1) 600
s (3,1) 600
s (4,1) 600
s (5,1) 600
s (6,1) 600
s (7,1) 600
s (8,1) 600
s (9,1) 600
s (10,1) 600
(1,1) (1,2) 600
(2,1) (2,2) 600
(3,1) (3,2) 600
(4,1) (4,2) 600
(5,1) (5,2) 600
(6,1) (6,2) 600
(7,1) (7,2) 600
(8,1) (8,2) 600
(9,1) (9,2) 600
(10,1) (10,2) 600
(1,2) (1,3) 600
(2,2) (2,3) 600
(3,2) (3,3) 600
(4,2) (4,3) 600
(5,2) (5,3) 600
(6,2) (6,3) 600
(7,2) (7,3) 600
(8,2) (8,3) 600
(9,2) (9,3) 600
(10,2) (10,3) 600
(1,3) (1,4) 600
(2,3) (2,4) 600
(3,3) (3,4) 600
(4,3) (4,4) 600
(5,3) (5,4) 600
(6,3) (6,4) 600
(7,3) (7,4) 600
(8,3) (8,4) 600
(9,3) (9,4) 600
(10,3) (10,4) 600
(1,4) (1,5) 600
(2,4) (2,5) 600
(3,4) (3,5) 600
(4,4) (4,5) 600
(5,4) (5,5) 600
(6,4) (6,5) 600
(7,4) (7,5) 600
(8,4) (8,5) 600
(9,4) (9,5) 600
(10,4) (10,5) 600
(1,5) (1,6) 600
(2,5) (2,6) 600
(3,5) (3,6) 600
(4,5) (4,6) 600
(5,5) (5,6) 600
(6,5) (6,6) 600
(7,5) (7,6) 600
(8,5) (8,6) 600
(9,5) (9,6) 600
(10,5) (10,6) 600
(1,6) (1,7) 600
(2,6) (2,7) 600
(3,6) (3,7) 600
(4,6) (4,7) 600
(5,6) (5,7) 600
(6,6) (6,7) 600
(7,6) (7,7) 600
(8,6) (8,7) 600
(9,6) (9,7) 600
(10,6) (10,7) 600
(1,7) (1,8) 600
(2,7) (2,8) 600
(3,7) (3,8) 600
(4,7) (4,8) 600
(5,7) (5,8) 600
(6,7) (6,8) 600
(7,7) (7,8) 600
(8,7) (8,8) 600
(9,7) (9,8) 600
(10,7) (10,8) 600
(1,8) (1,9) 600
(2,8) (2,9) 600
(3,8) (3,9) 600
(4,8) (4,9) 600
(5,8) (5,9) 600
(6,8) (6,9) 600
(7,8) (7,9) 600
(8,8) (8,9) 600
(9,8) (9,9) 600
(10,8) (10,9) 600
(1,9) (1,10) 600
(2,9) (2,10) 600
(3,9) (3,10) 600
(4,9) (4,10) 600
(5,9) (5,10) 600
(6,9) (6,10) 600
(7,9) (7,10) 600
(8,9) (8,10) 600
(9,9) (9,10) 600
(10,9) (10,10) 600
(1,1) (2,1) 600
(2,1) (1,1) 600
(2,1) (3,1) 600
(3,1) (2,1) 600
(3,1) (4,1) 600
(4,1) (3,1) 600
(4,1) (5,1) 600
(5,1) (4,1) 600
(5,1) (6,1) 600
(6,1) (5,1) 600
(6,1) (7,1) 600
(7,1) (6,1) 600
(7,1) (8,1) 600
(8,1) (7,1) 600
(8,1) (9,1) 600
(9,1) (8,1) 600
(9,1) (10,1) 600
(10,1) (9,1) 600
(1,2) (2,2) 600
(2,2) (1,2) 600
(2,2) (3,2) 600
(3,2) (2,2) 600
(3,2) (4,2) 600
(4,2) (3,2) 600
(4,2) (5,2) 600
(5,2) (4,2) 600
(5,2) (6,2) 600
(6,2) (5,2) 600
(6,2) (7,2) 600
(7,2) (6,2) 600
(7,2) (8,2) 600
(8,2) (7,2) 600
(8,2) (9,2) 600
(9,2) (8,2) 600
(9,2) (10,2) 600
(10,2) (9,2) 600
(1,3) (2,3) 600
(2,3) (1,3) 600
(2,3) (3,3) 600
(3,3) (2,3) 600
(3,3) (4,3) 600
(4,3) (3,3) 600
(4,3) (5,3) 600
(5,3) (4,3) 600
(5,3) (6,3) 600
(6,3) (5,3) 600
(6,3) (7,3) 600
(7,3) (6,3) 600
(7,3) (8,3) 600
(8,3) (7,3) 600
(8,3) (9,3) 600
(9,3) (8,3) 600
(9,3) (10,3) 600
(10,3) (9,3) 600
(1,4) (2,4) 600
(2,4) (1,4) 600
(2,4) (3,4) 600
(3,4) (2,4) 600
(3,4) (4,4) 600
(4,4) (3,4) 600
(4,4) (5,4) 600
(5,4) (4,4) 600
(5,4) (6,4) 600
(6,4) (5,4) 600
(6,4) (7,4) 600
(7,4) (6,4) 600
(7,4) (8,4) 600
(8,4) (7,4) 600
(8,4) (9,4) 600
(9,4) (8,4) 600
(9,4) (10,4) 600
(10,4) (9,4) 600
(1,5) (2,5) 600
(2,5) (1,5) 600
(2,5) (3,5) 600
(3,5) (2,5) 600
(3,5) (4,5) 600
(4,5) (3,5) 600
(4,5) (5,5) 600
(5,5) (4,5) 600
(5,5) (6,5) 600
(6,5) (5,5) 600
(6,5) (7,5) 600
(7,5) (6,5) 600
(7,5) (8,5) 600
(8,5) (7,5) 600
(8,5) (9,5) 600
(9,5) (8,5) 600
(9,5) (10,5) 600
(10,5) (9,5) 600
(1,6) (2,6) 600
(2,6) (1,6) 600
(2,6) (3,6) 600
(3,6) (2,6) 600
(3,6) (4,6) 600
(4,6) (3,6) 600
(4,6) (5,6) 600
(5,6) (4,6) 600
(5,6) (6,6) 600
(6,6) (5,6) 600
(6,6) (7,6) 600
(7,6) (6,6) 600
(7,6) (8,6) 600
(8,6) (7,6) 600
(8,6) (9,6) 600
(9,6) (8,6) 600
(9,6) (10,6) 600
(10,6) (9,6) 600
(1,7) (2,7) 600
(2,7) (1,7) 600
(2,7) (3,7) 600
(3,7) (2,7) 600
(3,7) (4,7) 600
(4,7) (3,7) 600
(4,7) (5,7) 600
(5,7) (4,7) 600
(5,7) (6,7) 600
(6,7) (5,7) 600
(6,7) (7,7) 600
(7,7) (6,7) 600
(7,7) (8,7) 600
(8,7) (7,7) 600
(8,7) (9,7) 600
(9,7) (8,7) 600
(9,7) (10,7) 600
(10,7) (9,7) 600
(1,8) (2,8) 600
(2,8) (1,8) 600
(2,8) (3,8) 600
(3,8) (2,8) 600
(3,8) (4,8) 600
(4,8) (3,8) 600
(4,8) (5,8) 600
(5,8) (4,8) 600
(5,8) (6,8) 600
(6,8) (5,8) 600
(6,8) (7,8) 600
(7,8) (6,8) 600
(7,8) (8,8) 600
(8,8) (7,8) 600
(8,8) (9,8) 600
(9,8) (8,8) 600
(9,8) (10,8) 600
(10,8) (9,8) 600
(1,9) (2,9) 600
(2,9) (1,9) 600
(2,9) (3,9) 600
(3,9) (2,9) 600
(3,9) (4,9) 600
(4,9) (3,9) 600
(4,9) (5,9) 600
(5,9) (4,9) 600
(5,9) (6,9) 600
(6,9) (5,9) 600
(6,9) (7,9) 600
(7,9) (6,9) 600
(7,9) (8,9) 600
(8,9) (7,9) 600
(8,9) (9,9) 600
(9,9) (8,9) 600
(9,9) (10,9) 600
(10,9) (9,9) 600
(1,10) (2,10) 600
(2,10) (1,10) 600
(2,10) (3,10) 600
(3,10) (2,10) 600
(3,10) (4,10) 600
(4,10) (3,10) 600
(4,10) (5,10) 600
(5,10) (4,10) 600
(5,10) (6,10) 600
(6,10) (5,10) 600
(6,10) (7,10) 600
(7,10) (6,10) 600
(7,10) (8,10) 600
(8,10) (7,10) 600
(8,10) (9,10) 600
(9,10) (8,10) 600
(9,10) (10,10) 600
(10,10) (9,10) 600
(1,10) t 600
(2,10) t 600
(3,10) t 600
(4,10) t 600
(5,10) t 600
(6,10) t 600
(7,10) t 600
(8,10) t 600
(9,10) t 600
(10,10) t 600
