s (1,1) 600
s (2,1) 600
s (3,1) 600
s (4,1) 600
s (5,1) 600
s (6,1) 600
s (7,1) 600
s (8,1) 600
s (9,1) 600
s (10,1) 600
s (11,1) 600
s (12,1) 600
s (13,1) 600
s (14,1) 600
s (15,1) 600
s (16,1) 600
s (17,1) 600
s (18,1) 600
s (19,1) 600
s (20,1) 600
s (21,1) 600
s (22,1) 600
s (23,1) 600
s (24,1) 600
s (25,1) 600
s (26,1) 600
s (27,1) 600
s (28,1) 600
s (29,1) 600
s (30,1) 600
s (31,1) 600
s (32,1) 600
s (33,1) 600
s (34,1) 600
s (35,1) 600
s (36,1) 600
s (37,1) 600
s (38,1) 600
s (39,1) 600
s (40,1) 600
s (41,1) 600
s (42,1) 600
s (43,1) 600
s (44,1) 600
s (45,1) 600
s (46,1) 600
s (47,1) 600
s (48,1) 600
s (49,1) 600
s (50,1) 600
(1,1) (1,2) 600
(2,1) (2,2) 600
(3,1) (3,2) 600
(4,1) (4,2) 600
(5,1) (5,2) 600
(6,1) (6,2) 600
(7,1) (7,2) 600
(8,1) (8,2) 600
(9,1) (9,2) 600
(10,1) (10,2) 600
(11,1) (11,2) 600
(12,1) (12,2) 600
(13,1) (13,2) 600
(14,1) (14,2) 600
(15,1) (15,2) 600
(16,1) (16,2) 600
(17,1) (17,2) 600
(18,1) (18,2) 600
(19,1) (19,2) 600
(20,1) (20,2) 600
(21,1) (21,2) 600
(22,1) (22,2) 600
(23,1) (23,2) 600
(24,1) (24,2) 600
(25,1) (25,2) 600
(26,1) (26,2) 600
(27,1) (27,2) 600
(28,1) (28,2) 600
(29,1) (29,2) 600
(30,1) (30,2) 600
(31,1) (31,2) 600
(32,1) (32,2) 600
(33,1) (33,2) 600
(34,1) (34,2) 600
(35,1) (35,2) 600
(36,1) (36,2) 600
(37,1) (37,2) 600
(38,1) (38,2) 600
(39,1) (39,2) 600
(40,1) (40,2) 600
(41,1) (41,2) 600
(42,1) (42,2) 600
(43,1) (43,2) 600
(44,1) (44,2) 600
(45,1) (45,2) 600
(46,1) (46,2) 600
(47,1) (47,2) 600
(48,1) (48,2) 600
(49,1) (49,2) 600
(50,1) (50,2) 600
(1,2) (1,3) 600
(2,2) (2,3) 600
(3,2) (3,3) 600
(4,2) (4,3) 600
(5,2) (5,3) 600
(6,2) (6,3) 600
(7,2) (7,3) 600
(8,2) (8,3) 600
(9,2) (9,3) 600
(10,2) (10,3) 600
(11,2) (11,3) 600
(12,2) (12,3) 600
(13,2) (13,3) 600
(14,2) (14,3) 600
(15,2) (15,3) 600
(16,2) (16,3) 600
(17,2) (17,3) 600
(18,2) (18,3) 600
(19,2) (19,3) 600
(20,2) (20,3) 600
(21,2) (21,3) 600
(22,2) (22,3) 600
(23,2) (23,3) 600
(24,2) (24,3) 600
(25,2) (25,3) 600
(26,2) (26,3) 600
(27,2) (27,3) 600
(28,2) (28,3) 600
(29,2) (29,3) 600
(30,2) (30,3) 600
(31,2) (31,3) 600
(32,2) (32,3) 600
(33,2) (33,3) 600
(34,2) (34,3) 600
(35,2) (35,3) 600
(36,2) (36,3) 600
(37,2) (37,3) 600
(38,2) (38,3) 600
(39,2) (39,3) 600
(40,2) (40,3) 600
(41,2) (41,3) 600
(42,2) (42,3) 600
(43,2) (43,3) 600
(44,2) (44,3) 600
(45,2) (45,3) 600
(46,2) (46,3) 600
(47,2) (47,3) 600
(48,2) (48,3) 600
(49,2) (49,3) 600
(50,2) (50,3) 600
(1,3) (1,4) 600
(2,3) (2,4) 600
(3,3) (3,4) 600
(4,3) (4,4) 600
(5,3) (5,4) 600
(6,3) (6,4) 600
(7,3) (7,4) 600
(8,3) (8,4) 600
(9,3) (9,4) 600
(10,3) (10,4) 600
(11,3) (11,4) 600
(12,3) (12,4) 600
(13,3) (13,4) 600
(14,3) (14,4) 600
(15,3) (15,4) 600
(16,3) (16,4) 600
(17,3) (17,4) 600
(18,3) (18,4) 600
(19,3) (19,4) 600
(20,3) (20,4) 600
(21,3) (21,4) 600
(22,3) (22,4) 600
(23,3) (23,4) 600
(24,3) (24,4) 600
(25,3) (25,4) 600
(26,3) (26,4) 600
(27,3) (27,4) 600
(28,3) (28,4) 600
(29,3) (29,4) 600
(30,3) (30,4) 600
(31,3) (31,4) 600
(32,3) (32,4) 600
(33,3) (33,4) 600
(34,3) (34,4) 600
(35,3) (35,4) 600
(36,3) (36,4) 600
(37,3) (37,4) 600
(38,3) (38,4) 600
(39,3) (39,4) 600
(40,3) (40,4) 600
(41,3) (41,4) 600
(42,3) (42,4) 600
(43,3) (43,4) 600
(44,3) (44,4) 600
(45,3) (45,4) 600
(46,3) (46,4) 600
(47,3) (47,4) 600
(48,3) (48,4) 600
(49,3) (49,4) 600
(50,3) (50,4) 600
(1,4) (1,5) 600
(2,4) (2,5) 600
(3,4) (3,5) 600
(4,4) (4,5) 600
(5,4) (5,5) 600
(6,4) (6,5) 600
(7,4) (7,5) 600
(8,4) (8,5) 600
(9,4) (9,5) 600
(10,4) (10,5) 600
(11,4) (11,5) 600
(12,4) (12,5) 600
(13,4) (13,5) 600
(14,4) (14,5) 600
(15,4) (15,5) 600
(16,4) (16,5) 600
(17,4) (17,5) 600
(18,4) (18,5) 600
(19,4) (19,5) 600
(20,4) (20,5) 600
(21,4) (21,5) 600
(22,4) (22,5) 600
(23,4) (23,5) 600
(24,4) (24,5) 600
(25,4) (25,5) 600
(26,4) (26,5) 600
(27,4) (27,5) 600
(28,4) (28,5) 600
(29,4) (29,5) 600
(30,4) (30,5) 600
(31,4) (31,5) 600
(32,4) (32,5) 600
(33,4) (33,5) 600
(34,4) (34,5) 600
(35,4) (35,5) 600
(36,4) (36,5) 600
(37,4) (37,5) 600
(38,4) (38,5) 600
(39,4) (39,5) 600
(40,4) (40,5) 600
(41,4) (41,5) 600
(42,4) (42,5) 600
(43,4) (43,5) 600
(44,4) (44,5) 600
(45,4) (45,5) 600
(46,4) (46,5) 600
(47,4) (47,5) 600
(48,4) (48,5) 600
(49,4) (49,5) 600
(50,4) (50,5) 600
(1,5) (1,6) 600
(2,5) (2,6) 600
(3,5) (3,6) 600
(4,5) (4,6) 600
(5,5) (5,6) 600
(6,5) (6,6) 600
(7,5) (7,6) 600
(8,5) (8,6) 600
(9,5) (9,6) 600
(10,5) (10,6) 600
(11,5) (11,6) 600
(12,5) (12,6) 600
(13,5) (13,6) 600
(14,5) (14,6) 600
(15,5) (15,6) 600
(16,5) (16,6) 600
(17,5) (17,6) 600
(18,5) (18,6) 600
(19,5) (19,6) 600
(20,5) (20,6) 600
(21,5) (21,6) 600
(22,5) (22,6) 600
(23,5) (23,6) 600
(24,5) (24,6) 600
(25,5) (25,6) 600
(26,5) (26,6) 600
(27,5) (27,6) 600
(28,5) (28,6) 600
(29,5) (29,6) 600
(30,5) (30,6) 600
(31,5) (31,6) 600
(32,5) (32,6) 600
(33,5) (33,6) 600
(34,5) (34,6) 600
(35,5) (35,6) 600
(36,5) (36,6) 600
(37,5) (37,6) 600
(38,5) (38,6) 600
(39,5) (39,6) 600
(40,5) (40,6) 600
(41,5) (41,6) 600
(42,5) (42,6) 600
(43,5) (43,6) 600
(44,5) (44,6) 600
(45,5) (45,6) 600
(46,5) (46,6) 600
(47,5) (47,6) 600
(48,5) (48,6) 600
(49,5) (49,6) 600
(50,5) (50,6) 600
(1,6) (1,7) 600
(2,6) (2,7) 600
(3,6) (3,7) 600
(4,6) (4,7) 600
(5,6) (5,7) 600
(6,6) (6,7) 600
(7,6) (7,7) 600
(8,6) (8,7) 600
(9,6) (9,7) 600
(10,6) (10,7) 600
(11,6) (11,7) 600
(12,6) (12,7) 600
(13,6) (13,7) 600
(14,6) (14,7) 600
(15,6) (15,7) 600
(16,6) (16,7) 600
(17,6) (17,7) 600
(18,6) (18,7) 600
(19,6) (19,7) 600
(20,6) (20,7) 600
(21,6) (21,7) 600
(22,6) (22,7) 600
(23,6) (23,7) 600
(24,6) (24,7) 600
(25,6) (25,7) 600
(26,6) (26,7) 600
(27,6) (27,7) 600
(28,6) (28,7) 600
(29,6) (29,7) 600
(30,6) (30,7) 600
(31,6) (31,7) 600
(32,6) (32,7) 600
(33,6) (33,7) 600
(34,6) (34,7) 600
(35,6) (35,7) 600
(36,6) (36,7) 600
(37,6) (37,7) 600
(38,6) (38,7) 600
(39,6) (39,7) 600
(40,6) (40,7) 600
(41,6) (41,7) 600
(42,6) (42,7) 600
(43,6) (43,7) 600
(44,6) (44,7) 600
(45,6) (45,7) 600
(46,6) (46,7) 600
(47,6) (47,7) 600
(48,6) (48,7) 600
(49,6) (49,7) 600
(50,6) (50,7) 600
(1,7) (1,8) 600
(2,7) (2,8) 600
(3,7) (3,8) 600
(4,7) (4,8) 600
(5,7) (5,8) 600
(6,7) (6,8) 600
(7,7) (7,8) 600
(8,7) (8,8) 600
(9,7) (9,8) 600
(10,7) (10,8) 600
(11,7) (11,8) 600
(12,7) (12,8) 600
(13,7) (13,8) 600
(14,7) (14,8) 600
(15,7) (15,8) 600
(16,7) (16,8) 600
(17,7) (17,8) 600
(18,7) (18,8) 600
(19,7) (19,8) 600
(20,7) (20,8) 600
(21,7) (21,8) 600
(22,7) (22,8) 600
(23,7) (23,8) 600
(24,7) (24,8) 600
(25,7) (25,8) 600
(26,7) (26,8) 600
(27,7) (27,8) 600
(28,7) (28,8) 600
(29,7) (29,8) 600
(30,7) (30,8) 600
(31,7) (31,8) 600
(32,7) (32,8) 600
(33,7) (33,8) 600
(34,7) (34,8) 600
(35,7) (35,8) 600
(36,7) (36,8) 600
(37,7) (37,8) 600
(38,7) (38,8) 600
(39,7) (39,8) 600
(40,7) (40,8) 600
(41,7) (41,8) 600
(42,7) (42,8) 600
(43,7) (43,8) 600
(44,7) (44,8) 600
(45,7) (45,8) 600
(46,7) (46,8) 600
(47,7) (47,8) 600
(48,7) (48,8) 600
(49,7) (49,8) 600
(50,7) (50,8) 600
(1,8) (1,9) 600
(2,8) (2,9) 600
(3,8) (3,9) 600
(4,8) (4,9) 600
(5,8) (5,9) 600
(6,8) (6,9) 600
(7,8) (7,9) 600
(8,8) (8,9) 600
(9,8) (9,9) 600
(10,8) (10,9) 600
(11,8) (11,9) 600
(12,8) (12,9) 600
(13,8) (13,9) 600
(14,8) (14,9) 600
(15,8) (15,9) 600
(16,8) (16,9) 600
(17,8) (17,9) 600
(18,8) (18,9) 600
(19,8) (19,9) 600
(20,8) (20,9) 600
(21,8) (21,9) 600
(22,8) (22,9) 600
(23,8) (23,9) 600
(24,8) (24,9) 600
(25,8) (25,9) 600
(26,8) (26,9) 600
(27,8) (27,9) 600
(28,8) (28,9) 600
(29,8) (29,9) 600
(30,8) (30,9) 600
(31,8) (31,9) 600
(32,8) (32,9) 600
(33,8) (33,9) 600
(34,8) (34,9) 600
(35,8) (35,9) 600
(36,8) (36,9) 600
(37,8) (37,9) 600
(38,8) (38,9) 600
(39,8) (39,9) 600
(40,8) (40,9) 600
(41,8) (41,9) 600
(42,8) (42,9) 600
(43,8) (43,9) 600
(44,8) (44,9) 600
(45,8) (45,9) 600
(46,8) (46,9) 600
(47,8) (47,9) 600
(48,8) (48,9) 600
(49,8) (49,9) 600
(50,8) (50,9) 600
(1,9) (1,10) 600
(2,9) (2,10) 600
(3,9) (3,10) 600
(4,9) (4,10) 600
(5,9) (5,10) 600
(6,9) (6,10) 600
(7,9) (7,10) 600
(8,9) (8,10) 600
(9,9) (9,10) 600
(10,9) (10,10) 600
(11,9) (11,10) 600
(12,9) (12,10) 600
(13,9) (13,10) 600
(14,9) (14,10) 600
(15,9) (15,10) 600
(16,9) (16,10) 600
(17,9) (17,10) 600
(18,9) (18,10) 600
(19,9) (19,10) 600
(20,9) (20,10) 600
(21,9) (21,10) 600
(22,9) (22,10) 600
(23,9) (23,10) 600
(24,9) (24,10) 600
(25,9) (25,10) 600
(26,9) (26,10) 600
(27,9) (27,10) 600
(28,9) (28,10) 600
(29,9) (29,10) 600
(30,9) (30,10) 600
(31,9) (31,10) 600
(32,9) (32,10) 600
(33,9) (33,10) 600
(34,9) (34,10) 600
(35,9) (35,10) 600
(36,9) (36,10) 600
(37,9) (37,10) 600
(38,9) (38,10) 600
(39,9) (39,10) 600
(40,9) (40,10) 600
(41,9) (41,10) 600
(42,9) (42,10) 600
(43,9) (43,10) 600
(44,9) (44,10) 600
(45,9) (45,10) 600
(46,9) (46,10) 600
(47,9) (47,10) 600
(48,9) (48,10) 600
(49,9) (49,10) 600
(50,9) (50,10) 600
(1,1) (2,1) 600
(2,1) (1,1) 600
(2,1) (3,1) 600
(3,1) (2,1) 600
(3,1) (4,1) 600
(4,1) (3,1) 600
(4,1) (5,1) 600
(5,1) (4,1) 600
(5,1) (6,1) 600
(6,1) (5,1) 600
(6,1) (7,1) 600
(7,1) (6,1) 600
(7,1) (8,1) 600
(8,1) (7,1) 600
(8,1) (9,1) 600
(9,1) (8,1) 600
(9,1) (10,1) 600
(10,1) (9,1) 600
(10,1) (11,1) 600
(11,1) (10,1) 600
(11,1) (12,1) 600
(12,1) (11,1) 600
(12,1) (13,1) 600
(13,1) (12,1) 600
(13,1) (14,1) 600
(14,1) (13,1) 600
(14,1) (15,1) 600
(15,1) (14,1) 600
(15,1) (16,1) 600
(16,1) (15,1) 600
(16,1) (17,1) 600
(17,1) (16,1) 600
(17,1) (18,1) 600
(18,1) (17,1) 600
(18,1) (19,1) 600
(19,1) (18,1) 600
(19,1) (20,1) 600
(20,1) (19,1) 600
(20,1) (21,1) 600
(21,1) (20,1) 600
(21,1) (22,1) 600
(22,1) (21,1) 600
(22,1) (23,1) 600
(23,1) (22,1) 600
(23,1) (24,1) 600
(24,1) (23,1) 600
(24,1) (25,1) 600
(25,1) (24,1) 600
(25,1) (26,1) 600
(26,1) (25,1) 600
(26,1) (27,1) 600
(27,1) (26,1) 600
(27,1) (28,1) 600
(28,1) (27,1) 600
(28,1) (29,1) 600
(29,1) (28,1) 600
(29,1) (30,1) 600
(30,1) (29,1) 600
(30,1) (31,1) 600
(31,1) (30,1) 600
(31,1) (32,1) 600
(32,1) (31,1) 600
(32,1) (33,1) 600
(33,1) (32,1) 600
(33,1) (34,1) 600
(34,1) (33,1) 600
(34,1) (35,1) 600
(35,1) (34,1) 600
(35,1) (36,1) 600
(36,1) (35,1) 600
(36,1) (37,1) 600
(37,1) (36,1) 600
(37,1) (38,1) 600
(38,1) (37,1) 600
(38,1) (39,1) 600
(39,1) (38,1) 600
(39,1) (40,1) 600
(40,1) (39,1) 600
(40,1) (41,1) 600
(41,1) (40,1) 600
(41,1) (42,1) 600
(42,1) (41,1) 600
(42,1) (43,1) 600
(43,1) (42,1) 600
(43,1) (44,1) 600
(44,1) (43,1) 600
(44,1) (45,1) 600
(45,1) (44,1) 600
(45,1) (46,1) 600
(46,1) (45,1) 600
(46,1) (47,1) 600
(47,1) (46,1) 600
(47,1) (48,1) 600
(48,1) (47,1) 600
(48,1) (49,1) 600
(49,1) (48,1) 600
(49,1) (50,1) 600
(50,1) (49,1) 600
(1,2) (2,2) 600
(2,2) (1,2) 600
(2,2) (3,2) 600
(3,2) (2,2) 600
(3,2) (4,2) 600
(4,2) (3,2) 600
(4,2) (5,2) 600
(5,2) (4,2) 600
(5,2) (6,2) 600
(6,2) (5,2) 600
(6,2) (7,2) 600
(7,2) (6,2) 600
(7,2) (8,2) 600
(8,2) (7,2) 600
(8,2) (9,2) 600
(9,2) (8,2) 600
(9,2) (10,2) 600
(10,2) (9,2) 600
(10,2) (11,2) 600
(11,2) (10,2) 600
(11,2) (12,2) 600
(12,2) (11,2) 600
(12,2) (13,2) 600
(13,2) (12,2) 600
(13,2) (14,2) 600
(14,2) (13,2) 600
(14,2) (15,2) 600
(15,2) (14,2) 600
(15,2) (16,2) 600
(16,2) (15,2) 600
(16,2) (17,2) 600
(17,2) (16,2) 600
(17,2) (18,2) 600
(18,2) (17,2) 600
(18,2) (19,2) 600
(19,2) (18,2) 600
(19,2) (20,2) 600
(20,2) (19,2) 600
(20,2) (21,2) 600
(21,2) (20,2) 600
(21,2) (22,2) 600
(22,2) (21,2) 600
(22,2) (23,2) 600
(23,2) (22,2) 600
(23,2) (24,2) 600
(24,2) (23,2) 600
(24,2) (25,2) 600
(25,2) (24,2) 600
(25,2) (26,2) 600
(26,2) (25,2) 600
(26,2) (27,2) 600
(27,2) (26,2) 600
(27,2) (28,2) 600
(28,2) (27,2) 600
(28,2) (29,2) 600
(29,2) (28,2) 600
(29,2) (30,2) 600
(30,2) (29,2) 600
(30,2) (31,2) 600
(31,2) (30,2) 600
(31,2) (32,2) 600
(32,2) (31,2) 600
(32,2) (33,2) 600
(33,2) (32,2) 600
(33,2) (34,2) 600
(34,2) (33,2) 600
(34,2) (35,2) 600
(35,2) (34,2) 600
(35,2) (36,2) 600
(36,2) (35,2) 600
(36,2) (37,2) 600
(37,2) (36,2) 600
(37,2) (38,2) 600
(38,2) (37,2) 600
(38,2) (39,2) 600
(39,2) (38,2) 600
(39,2) (40,2) 600
(40,2) (39,2) 600
(40,2) (41,2) 600
(41,2) (40,2) 600
(41,2) (42,2) 600
(42,2) (41,2) 600
(42,2) (43,2) 600
(43,2) (42,2) 600
(43,2) (44,2) 600
(44,2) (43,2) 600
(44,2) (45,2) 600
(45,2) (44,2) 600
(45,2) (46,2) 600
(46,2) (45,2) 600
(46,2) (47,2) 600
(47,2) (46,2) 600
(47,2) (48,2) 600
(48,2) (47,2) 600
(48,2) (49,2) 600
(49,2) (48,2) 600
(49,2) (50,2) 600
(50,2) (49,2) 600
(1,3) (2,3) 600
(2,3) (1,3) 600
(2,3) (3,3) 600
(3,3) (2,3) 600
(3,3) (4,3) 600
(4,3) (3,3) 600
(4,3) (5,3) 600
(5,3) (4,3) 600
(5,3) (6,3) 600
(6,3) (5,3) 600
(6,3) (7,3) 600
(7,3) (6,3) 600
(7,3) (8,3) 600
(8,3) (7,3) 600
(8,3) (9,3) 600
(9,3) (8,3) 600
(9,3) (10,3) 600
(10,3) (9,3) 600
(10,3) (11,3) 600
(11,3) (10,3) 600
(11,3) (12,3) 600
(12,3) (11,3) 600
(12,3) (13,3) 600
(13,3) (12,3) 600
(13,3) (14,3) 600
(14,3) (13,3) 600
(14,3) (15,3) 600
(15,3) (14,3) 600
(15,3) (16,3) 600
(16,3) (15,3) 600
(16,3) (17,3) 600
(17,3) (16,3) 600
(17,3) (18,3) 600
(18,3) (17,3) 600
(18,3) (19,3) 600
(19,3) (18,3) 600
(19,3) (20,3) 600
(20,3) (19,3) 600
(20,3) (21,3) 600
(21,3) (20,3) 600
(21,3) (22,3) 600
(22,3) (21,3) 600
(22,3) (23,3) 600
(23,3) (22,3) 600
(23,3) (24,3) 600
(24,3) (23,3) 600
(24,3) (25,3) 600
(25,3) (24,3) 600
(25,3) (26,3) 600
(26,3) (25,3) 600
(26,3) (27,3) 600
(27,3) (26,3) 600
(27,3) (28,3) 600
(28,3) (27,3) 600
(28,3) (29,3) 600
(29,3) (28,3) 600
(29,3) (30,3) 600
(30,3) (29,3) 600
(30,3) (31,3) 600
(31,3) (30,3) 600
(31,3) (32,3) 600
(32,3) (31,3) 600
(32,3) (33,3) 600
(33,3) (32,3) 600
(33,3) (34,3) 600
(34,3) (33,3) 600
(34,3) (35,3) 600
(35,3) (34,3) 600
(35,3) (36,3) 600
(36,3) (35,3) 600
(36,3) (37,3) 600
(37,3) (36,3) 600
(37,3) (38,3) 600
(38,3) (37,3) 600
(38,3) (39,3) 600
(39,3) (38,3) 600
(39,3) (40,3) 600
(40,3) (39,3) 600
(40,3) (41,3) 600
(41,3) (40,3) 600
(41,3) (42,3) 600
(42,3) (41,3) 600
(42,3) (43,3) 600
(43,3) (42,3) 600
(43,3) (44,3) 600
(44,3) (43,3) 600
(44,3) (45,3) 600
(45,3) (44,3) 600
(45,3) (46,3) 600
(46,3) (45,3) 600
(46,3) (47,3) 600
(47,3) (46,3) 600
(47,3) (48,3) 600
(48,3) (47,3) 600
(48,3) (49,3) 600
(49,3) (48,3) 600
(49,3) (50,3) 600
(50,3) (49,3) 600
(1,4) (2,4) 600
(2,4) (1,4) 600
(2,4) (3,4) 600
(3,4) (2,4) 600
(3,4) (4,4) 600
(4,4) (3,4) 600
(4,4) (5,4) 600
(5,4) (4,4) 600
(5,4) (6,4) 600
(6,4) (5,4) 600
(6,4) (7,4) 600
(7,4) (6,4) 600
(7,4) (8,4) 600
(8,4) (7,4) 600
(8,4) (9,4) 600
(9,4) (8,4) 600
(9,4) (10,4) 600
(10,4) (9,4) 600
(10,4) (11,4) 600
(11,4) (10,4) 600
(11,4) (12,4) 600
(12,4) (11,4) 600
(12,4) (13,4) 600
(13,4) (12,4) 600
(13,4) (14,4) 600
(14,4) (13,4) 600
(14,4) (15,4) 600
(15,4) (14,4) 600
(15,4) (16,4) 600
(16,4) (15,4) 600
(16,4) (17,4) 600
(17,4) (16,4) 600
(17,4) (18,4) 600
(18,4) (17,4) 600
(18,4) (19,4) 600
(19,4) (18,4) 600
(19,4) (20,4) 600
(20,4) (19,4) 600
(20,4) (21,4) 600
(21,4) (20,4) 600
(21,4) (22,4) 600
(22,4) (21,4) 600
(22,4) (23,4) 600
(23,4) (22,4) 600
(23,4) (24,4) 600
(24,4) (23,4) 600
(24,4) (25,4) 600
(25,4) (24,4) 600
(25,4) (26,4) 600
(26,4) (25,4) 600
(26,4) (27,4) 600
(27,4) (26,4) 600
(27,4) (28,4) 600
(28,4) (27,4) 600
(28,4) (29,4) 600
(29,4) (28,4) 600
(29,4) (30,4) 600
(30,4) (29,4) 600
(30,4) (31,4) 600
(31,4) (30,4) 600
(31,4) (32,4) 600
(32,4) (31,4) 600
(32,4) (33,4) 600
(33,4) (32,4) 600
(33,4) (34,4) 600
(34,4) (33,4) 600
(34,4) (35,4) 600
(35,4) (34,4) 600
(35,4) (36,4) 600
(36,4) (35,4) 600
(36,4) (37,4) 600
(37,4) (36,4) 600
(37,4) (38,4) 600
(38,4) (37,4) 600
(38,4) (39,4) 600
(39,4) (38,4) 600
(39,4) (40,4) 600
(40,4) (39,4) 600
(40,4) (41,4) 600
(41,4) (40,4) 600
(41,4) (42,4) 600
(42,4) (41,4) 600
(42,4) (43,4) 600
(43,4) (42,4) 600
(43,4) (44,4) 600
(44,4) (43,4) 600
(44,4) (45,4) 600
(45,4) (44,4) 600
(45,4) (46,4) 600
(46,4) (45,4) 600
(46,4) (47,4) 600
(47,4) (46,4) 600
(47,4) (48,4) 600
(48,4) (47,4) 600
(48,4) (49,4) 600
(49,4) (48,4) 600
(49,4) (50,4) 600
(50,4) (49,4) 600
(1,5) (2,5) 600
(2,5) (1,5) 600
(2,5) (3,5) 600
(3,5) (2,5) 600
(3,5) (4,5) 600
(4,5) (3,5) 600
(4,5) (5,5) 600
(5,5) (4,5) 600
(5,5) (6,5) 600
(6,5) (5,5) 600
(6,5) (7,5) 600
(7,5) (6,5) 600
(7,5) (8,5) 600
(8,5) (7,5) 600
(8,5) (9,5) 600
(9,5) (8,5) 600
(9,5) (10,5) 600
(10,5) (9,5) 600
(10,5) (11,5) 600
(11,5) (10,5) 600
(11,5) (12,5) 600
(12,5) (11,5) 600
(12,5) (13,5) 600
(13,5) (12,5) 600
(13,5) (14,5) 600
(14,5) (13,5) 600
(14,5) (15,5) 600
(15,5) (14,5) 600
(15,5) (16,5) 600
(16,5) (15,5) 600
(16,5) (17,5) 600
(17,5) (16,5) 600
(17,5) (18,5) 600
(18,5) (17,5) 600
(18,5) (19,5) 600
(19,5) (18,5) 600
(19,5) (20,5) 600
(20,5) (19,5) 600
(20,5) (21,5) 600
(21,5) (20,5) 600
(21,5) (22,5) 600
(22,5) (21,5) 600
(22,5) (23,5) 600
(23,5) (22,5) 600
(23,5) (24,5) 600
(24,5) (23,5) 600
(24,5) (25,5) 600
(25,5) (24,5) 600
(25,5) (26,5) 600
(26,5) (25,5) 600
(26,5) (27,5) 600
(27,5) (26,5) 600
(27,5) (28,5) 600
(28,5) (27,5) 600
(28,5) (29,5) 600
(29,5) (28,5) 600
(29,5) (30,5) 600
(30,5) (29,5) 600
(30,5) (31,5) 600
(31,5) (30,5) 600
(31,5) (32,5) 600
(32,5) (31,5) 600
(32,5) (33,5) 600
(33,5) (32,5) 600
(33,5) (34,5) 600
(34,5) (33,5) 600
(34,5) (35,5) 600
(35,5) (34,5) 600
(35,5) (36,5) 600
(36,5) (35,5) 600
(36,5) (37,5) 600
(37,5) (36,5) 600
(37,5) (38,5) 600
(38,5) (37,5) 600
(38,5) (39,5) 600
(39,5) (38,5) 600
(39,5) (40,5) 600
(40,5) (39,5) 600
(40,5) (41,5) 600
(41,5) (40,5) 600
(41,5) (42,5) 600
(42,5) (41,5) 600
(42,5) (43,5) 600
(43,5) (42,5) 600
(43,5) (44,5) 600
(44,5) (43,5) 600
(44,5) (45,5) 600
(45,5) (44,5) 600
(45,5) (46,5) 600
(46,5) (45,5) 600
(46,5) (47,5) 600
(47,5) (46,5) 600
(47,5) (48,5) 600
(48,5) (47,5) 600
(48,5) (49,5) 600
(49,5) (48,5) 600
(49,5) (50,5) 600
(50,5) (49,5) 600
(1,6) (2,6) 600
(2,6) (1,6) 600
(2,6) (3,6) 600
(3,6) (2,6) 600
(3,6) (4,6) 600
(4,6) (3,6) 600
(4,6) (5,6) 600
(5,6) (4,6) 600
(5,6) (6,6) 600
(6,6) (5,6) 600
(6,6) (7,6) 600
(7,6) (6,6) 600
(7,6) (8,6) 600
(8,6) (7,6) 600
(8,6) (9,6) 600
(9,6) (8,6) 600
(9,6) (10,6) 600
(10,6) (9,6) 600
(10,6) (11,6) 600
(11,6) (10,6) 600
(11,6) (12,6) 600
(12,6) (11,6) 600
(12,6) (13,6) 600
(13,6) (12,6) 600
(13,6) (14,6) 600
(14,6) (13,6) 600
(14,6) (15,6) 600
(15,6) (14,6) 600
(15,6) (16,6) 600
(16,6) (15,6) 600
(16,6) (17,6) 600
(17,6) (16,6) 600
(17,6) (18,6) 600
(18,6) (17,6) 600
(18,6) (19,6) 600
(19,6) (18,6) 600
(19,6) (20,6) 600
(20,6) (19,6) 600
(20,6) (21,6) 600
(21,6) (20,6) 600
(21,6) (22,6) 600
(22,6) (21,6) 600
(22,6) (23,6) 600
(23,6) (22,6) 600
(23,6) (24,6) 600
(24,6) (23,6) 600
(24,6) (25,6) 600
(25,6) (24,6) 600
(25,6) (26,6) 600
(26,6) (25,6) 600
(26,6) (27,6) 600
(27,6) (26,6) 600
(27,6) (28,6) 600
(28,6) (27,6) 600
(28,6) (29,6) 600
(29,6) (28,6) 600
(29,6) (30,6) 600
(30,6) (29,6) 600
(30,6) (31,6) 600
(31,6) (30,6) 600
(31,6) (32,6) 600
(32,6) (31,6) 600
(32,6) (33,6) 600
(33,6) (32,6) 600
(33,6) (34,6) 600
(34,6) (33,6) 600
(34,6) (35,6) 600
(35,6) (34,6) 600
(35,6) (36,6) 600
(36,6) (35,6) 600
(36,6) (37,6) 600
(37,6) (36,6) 600
(37,6) (38,6) 600
(38,6) (37,6) 600
(38,6) (39,6) 600
(39,6) (38,6) 600
(39,6) (40,6) 600
(40,6) (39,6) 600
(40,6) (41,6) 600
(41,6) (40,6) 600
(41,6) (42,6) 600
(42,6) (41,6) 600
(42,6) (43,6) 600
(43,6) (42,6) 600
(43,6) (44,6) 600
(44,6) (43,6) 600
(44,6) (45,6) 600
(45,6) (44,6) 600
(45,6) (46,6) 600
(46,6) (45,6) 600
(46,6) (47,6) 600
(47,6) (46,6) 600
(47,6) (48,6) 600
(48,6) (47,6) 600
(48,6) (49,6) 600
(49,6) (48,6) 600
(49,6) (50,6) 600
(50,6) (49,6) 600
(1,7) (2,7) 600
(2,7) (1,7) 600
(2,7) (3,7) 600
(3,7) (2,7) 600
(3,7) (4,7) 600
(4,7) (3,7) 600
(4,7) (5,7) 600
(5,7) (4,7) 600
(5,7) (6,7) 600
(6,7) (5,7) 600
(6,7) (7,7) 600
(7,7) (6,7) 600
(7,7) (8,7) 600
(8,7) (7,7) 600
(8,7) (9,7) 600
(9,7) (8,7) 600
(9,7) (10,7) 600
(10,7) (9,7) 600
(10,7) (11,7) 600
(11,7) (10,7) 600
(11,7) (12,7) 600
(12,7) (11,7) 600
(12,7) (13,7) 600
(13,7) (12,7) 600
(13,7) (14,7) 600
(14,7) (13,7) 600
(14,7) (15,7) 600
(15,7) (14,7) 600
(15,7) (16,7) 600
(16,7) (15,7) 600
(16,7) (17,7) 600
(17,7) (16,7) 600
(17,7) (18,7) 600
(18,7) (17,7) 600
(18,7) (19,7) 600
(19,7) (18,7) 600
(19,7) (20,7) 600
(20,7) (19,7) 600
(20,7) (21,7) 600
(21,7) (20,7) 600
(21,7) (22,7) 600
(22,7) (21,7) 600
(22,7) (23,7) 600
(23,7) (22,7) 600
(23,7) (24,7) 600
(24,7) (23,7) 600
(24,7) (25,7) 600
(25,7) (24,7) 600
(25,7) (26,7) 600
(26,7) (25,7) 600
(26,7) (27,7) 600
(27,7) (26,7) 600
(27,7) (28,7) 600
(28,7) (27,7) 600
(28,7) (29,7) 600
(29,7) (28,7) 600
(29,7) (30,7) 600
(30,7) (29,7) 600
(30,7) (31,7) 600
(31,7) (30,7) 600
(31,7) (32,7) 600
(32,7) (31,7) 600
(32,7) (33,7) 600
(33,7) (32,7) 600
(33,7) (34,7) 600
(34,7) (33,7) 600
(34,7) (35,7) 600
(35,7) (34,7) 600
(35,7) (36,7) 600
(36,7) (35,7) 600
(36,7) (37,7) 600
(37,7) (36,7) 600
(37,7) (38,7) 600
(38,7) (37,7) 600
(38,7) (39,7) 600
(39,7) (38,7) 600
(39,7) (40,7) 600
(40,7) (39,7) 600
(40,7) (41,7) 600
(41,7) (40,7) 600
(41,7) (42,7) 600
(42,7) (41,7) 600
(42,7) (43,7) 600
(43,7) (42,7) 600
(43,7) (44,7) 600
(44,7) (43,7) 600
(44,7) (45,7) 600
(45,7) (44,7) 600
(45,7) (46,7) 600
(46,7) (45,7) 600
(46,7) (47,7) 600
(47,7) (46,7) 600
(47,7) (48,7) 600
(48,7) (47,7) 600
(48,7) (49,7) 600
(49,7) (48,7) 600
(49,7) (50,7) 600
(50,7) (49,7) 600
(1,8) (2,8) 600
(2,8) (1,8) 600
(2,8) (3,8) 600
(3,8) (2,8) 600
(3,8) (4,8) 600
(4,8) (3,8) 600
(4,8) (5,8) 600
(5,8) (4,8) 600
(5,8) (6,8) 600
(6,8) (5,8) 600
(6,8) (7,8) 600
(7,8) (6,8) 600
(7,8) (8,8) 600
(8,8) (7,8) 600
(8,8) (9,8) 600
(9,8) (8,8) 600
(9,8) (10,8) 600
(10,8) (9,8) 600
(10,8) (11,8) 600
(11,8) (10,8) 600
(11,8) (12,8) 600
(12,8) (11,8) 600
(12,8) (13,8) 600
(13,8) (12,8) 600
(13,8) (14,8) 600
(14,8) (13,8) 600
(14,8) (15,8) 600
(15,8) (14,8) 600
(15,8) (16,8) 600
(16,8) (15,8) 600
(16,8) (17,8) 600
(17,8) (16,8) 600
(17,8) (18,8) 600
(18,8) (17,8) 600
(18,8) (19,8) 600
(19,8) (18,8) 600
(19,8) (20,8) 600
(20,8) (19,8) 600
(20,8) (21,8) 600
(21,8) (20,8) 600
(21,8) (22,8) 600
(22,8) (21,8) 600
(22,8) (23,8) 600
(23,8) (22,8) 600
(23,8) (24,8) 600
(24,8) (23,8) 600
(24,8) (25,8) 600
(25,8) (24,8) 600
(25,8) (26,8) 600
(26,8) (25,8) 600
(26,8) (27,8) 600
(27,8) (26,8) 600
(27,8) (28,8) 600
(28,8) (27,8) 600
(28,8) (29,8) 600
(29,8) (28,8) 600
(29,8) (30,8) 600
(30,8) (29,8) 600
(30,8) (31,8) 600
(31,8) (30,8) 600
(31,8) (32,8) 600
(32,8) (31,8) 600
(32,8) (33,8) 600
(33,8) (32,8) 600
(33,8) (34,8) 600
(34,8) (33,8) 600
(34,8) (35,8) 600
(35,8) (34,8) 600
(35,8) (36,8) 600
(36,8) (35,8) 600
(36,8) (37,8) 600
(37,8) (36,8) 600
(37,8) (38,8) 600
(38,8) (37,8) 600
(38,8) (39,8) 600
(39,8) (38,8) 600
(39,8) (40,8) 600
(40,8) (39,8) 600
(40,8) (41,8) 600
(41,8) (40,8) 600
(41,8) (42,8) 600
(42,8) (41,8) 600
(42,8) (43,8) 600
(43,8) (42,8) 600
(43,8) (44,8) 600
(44,8) (43,8) 600
(44,8) (45,8) 600
(45,8) (44,8) 600
(45,8) (46,8) 600
(46,8) (45,8) 600
(46,8) (47,8) 600
(47,8) (46,8) 600
(47,8) (48,8) 600
(48,8) (47,8) 600
(48,8) (49,8) 600
(49,8) (48,8) 600
(49,8) (50,8) 600
(50,8) (49,8) 600
(1,9) (2,9) 600
(2,9) (1,9) 600
(2,9) (3,9) 600
(3,9) (2,9) 600
(3,9) (4,9) 600
(4,9) (3,9) 600
(4,9) (5,9) 600
(5,9) (4,9) 600
(5,9) (6,9) 600
(6,9) (5,9) 600
(6,9) (7,9) 600
(7,9) (6,9) 600
(7,9) (8,9) 600
(8,9) (7,9) 600
(8,9) (9,9) 600
(9,9) (8,9) 600
(9,9) (10,9) 600
(10,9) (9,9) 600
(10,9) (11,9) 600
(11,9) (10,9) 600
(11,9) (12,9) 600
(12,9) (11,9) 600
(12,9) (13,9) 600
(13,9) (12,9) 600
(13,9) (14,9) 600
(14,9) (13,9) 600
(14,9) (15,9) 600
(15,9) (14,9) 600
(15,9) (16,9) 600
(16,9) (15,9) 600
(16,9) (17,9) 600
(17,9) (16,9) 600
(17,9) (18,9) 600
(18,9) (17,9) 600
(18,9) (19,9) 600
(19,9) (18,9) 600
(19,9) (20,9) 600
(20,9) (19,9) 600
(20,9) (21,9) 600
(21,9) (20,9) 600
(21,9) (22,9) 600
(22,9) (21,9) 600
(22,9) (23,9) 600
(23,9) (22,9) 600
(23,9) (24,9) 600
(24,9) (23,9) 600
(24,9) (25,9) 600
(25,9) (24,9) 600
(25,9) (26,9) 600
(26,9) (25,9) 600
(26,9) (27,9) 600
(27,9) (26,9) 600
(27,9) (28,9) 600
(28,9) (27,9) 600
(28,9) (29,9) 600
(29,9) (28,9) 600
(29,9) (30,9) 600
(30,9) (29,9) 600
(30,9) (31,9) 600
(31,9) (30,9) 600
(31,9) (32,9) 600
(32,9) (31,9) 600
(32,9) (33,9) 600
(33,9) (32,9) 600
(33,9) (34,9) 600
(34,9) (33,9) 600
(34,9) (35,9) 600
(35,9) (34,9) 600
(35,9) (36,9) 600
(36,9) (35,9) 600
(36,9) (37,9) 600
(37,9) (36,9) 600
(37,9) (38,9) 600
(38,9) (37,9) 600
(38,9) (39,9) 600
(39,9) (38,9) 600
(39,9) (40,9) 600
(40,9) (39,9) 600
(40,9) (41,9) 600
(41,9) (40,9) 600
(41,9) (42,9) 600
(42,9) (41,9) 600
(42,9) (43,9) 600
(43,9) (42,9) 600
(43,9) (44,9) 600
(44,9) (43,9) 600
(44,9) (45,9) 600
(45,9) (44,9) 600
(45,9) (46,9) 600
(46,9) (45,9) 600
(46,9) (47,9) 600
(47,9) (46,9) 600
(47,9) (48,9) 600
(48,9) (47,9) 600
(48,9) (49,9) 600
(49,9) (48,9) 600
(49,9) (50,9) 600
(50,9) (49,9) 600
(1,10) (2,10) 600
(2,10) (1,10) 600
(2,10) (3,10) 600
(3,10) (2,10) 600
(3,10) (4,10) 600
(4,10) (3,10) 600
(4,10) (5,10) 600
(5,10) (4,10) 600
(5,10) (6,10) 600
(6,10) (5,10) 600
(6,10) (7,10) 600
(7,10) (6,10) 600
(7,10) (8,10) 600
(8,10) (7,10) 600
(8,10) (9,10) 600
(9,10) (8,10) 600
(9,10) (10,10) 600
(10,10) (9,10) 600
(10,10) (11,10) 600
(11,10) (10,10) 600
(11,10) (12,10) 600
(12,10) (11,10) 600
(12,10) (13,10) 600
(13,10) (12,10) 600
(13,10) (14,10) 600
(14,10) (13,10) 600
(14,10) (15,10) 600
(15,10) (14,10) 600
(15,10) (16,10) 600
(16,10) (15,10) 600
(16,10) (17,10) 600
(17,10) (16,10) 600
(17,10) (18,10) 600
(18,10) (17,10) 600
(18,10) (19,10) 600
(19,10) (18,10) 600
(19,10) (20,10) 600
(20,10) (19,10) 600
(20,10) (21,10) 600
(21,10) (20,10) 600
(21,10) (22,10) 600
(22,10) (21,10) 600
(22,10) (23,10) 600
(23,10) (22,10) 600
(23,10) (24,10) 600
(24,10) (23,10) 600
(24,10) (25,10) 600
(25,10) (24,10) 600
(25,10) (26,10) 600
(26,10) (25,10) 600
(26,10) (27,10) 600
(27,10) (26,10) 600
(27,10) (28,10) 600
(28,10) (27,10) 600
(28,10) (29,10) 600
(29,10) (28,10) 600
(29,10) (30,10) 600
(30,10) (29,10) 600
(30,10) (31,10) 600
(31,10) (30,10) 600
(31,10) (32,10) 600
(32,10) (31,10) 600
(32,10) (33,10) 600
(33,10) (32,10) 600
(33,10) (34,10) 600
(34,10) (33,10) 600
(34,10) (35,10) 600
(35,10) (34,10) 600
(35,10) (36,10) 600
(36,10) (35,10) 600
(36,10) (37,10) 600
(37,10) (36,10) 600
(37,10) (38,10) 600
(38,10) (37,10) 600
(38,10) (39,10) 600
(39,10) (38,10) 600
(39,10) (40,10) 600
(40,10) (39,10) 600
(40,10) (41,10) 600
(41,10) (40,10) 600
(41,10) (42,10) 600
(42,10) (41,10) 600
(42,10) (43,10) 600
(43,10) (42,10) 600
(43,10) (44,10) 600
(44,10) (43,10) 600
(44,10) (45,10) 600
(45,10) (44,10) 600
(45,10) (46,10) 600
(46,10) (45,10) 600
(46,10) (47,10) 600
(47,10) (46,10) 600
(47,10) (48,10) 600
(48,10) (47,10) 600
(48,10) (49,10) 600
(49,10) (48,10) 600
(49,10) (50,10) 600
(50,10) (49,10) 600
(1,10) t 600
(2,10) t 600
(3,10) t 600
(4,10) t 600
(5,10) t 600
(6,10) t 600
(7,10) t 600
(8,10) t 600
(9,10) t 600
(10,10) t 600
(11,10) t 600
(12,10) t 600
(13,10) t 600
(14,10) t 600
(15,10) t 600
(16,10) t 600
(17,10) t 600
(18,10) t 600
(19,10) t 600
(20,10) t 600
(21,10) t 600
(22,10) t 600
(23,10) t 600
(24,10) t 600
(25,10) t 600
(26,10) t 600
(27,10) t 600
(28,10) t 600
(29,10) t 600
(30,10) t 600
(31,10) t 600
(32,10) t 600
(33,10) t 600
(34,10) t 600
(35,10) t 600
(36,10) t 600
(37,10) t 600
(38,10) t 600
(39,10) t 600
(40,10) t 600
(41,10) t 600
(42,10) t 600
(43,10) t 600
(44,10) t 600
(45,10) t 600
(46,10) t 600
(47,10) t 600
(48,10) t 600
(49,10) t 600
(50,10) t 600
